7506	206376
15077	413525
22584	622190
30062	831615
37584	1040150
45116	1248255
52636	1456985
60218	1664096
67691	1873953
75233	2082001
82773	2290153
90313	2498436
97896	2704799
105397	2913495
105426	2916223
105407	2919359
105469	2917855
105445	2916484
105485	2915112
106113	2898481
106913	2873179
107574	2851506
107951	2828744
108284	2807680
108597	2783850
108692	2761964
108712	2743303
108581	2720830
108255	2698881
107765	2675197
107354	2652879
106887	2626608
106133	2604890
105934	2598310
106044	2600041
106139	2598267
106031	2597625
105871	2598627
105910	2600106
105938	2597795
105857	2595424
105834	2594233
105748	2592652
105657	2591430
105598	2592827
105729	2596489
105647	2598951
105685	2599696
105637	2602403
105725	2605388
105703	2604866
105669	2602250
105680	2602329
105770	2603679
105782	2605118
105767	2608110
105785	2609706
105840	2610420
105880	2609327
105907	2610168
105859	2608639
105936	2608208
105889	2605618
105809	2606788
105816	2606752
105858	2608019
105859	2608404
105915	2608064
105846	2608661
105870	2604487
105773	2604388
105833	2602985
105863	2603563
105799	2604642
105808	2604345
105845	2605161
106051	2605338
105950	2604344
105883	2605925
105885	2605069
105873	2605065
105879	2606635
105792	2605838
105914	2607195
105964	2603660
105992	2605479
105925	2607108
105849	2606028
105837	2606008
105836	2606138
105902	2605295
105873	2604015
105763	2603733
105680	2606065
105725	2605313
105714	2604129
105750	2602289
105829	2601105
105936	2603510
105866	2603922
105819	2602183
105811	2601092
105799	2600531
105699	2602477
105727	2604360
105798	2603354
105690	2603953
105631	2600851
105581	2603020
105612	2603350
105621	2605610
105684	2608370
105799	2606420
105802	2605282
105929	2602966
105969	2603235
106035	2602948
105270	2618203
104579	2638118
