5002	136752
10030	275593
15077	413525
20082	552644
25102	691316
30062	831615
35097	969972
40125	1108735
45116	1248255
50128	1387456
55129	1527063
60218	1664096
60259	1666950
60223	1668209
60293	1668476
60308	1668137
60315	1668782
60294	1666821
60372	1665450
60381	1665402
60333	1665240
60306	1665202
60214	1665872
60239	1668788
60252	1667512
60200	1666641
60269	1666098
60302	1665289
60353	1662861
60891	1648300
61431	1634382
61842	1618094
62101	1602107
62223	1586947
62139	1572472
62041	1556797
61948	1541294
61694	1525343
61344	1512301
60863	1499613
60343	1487506
60359	1487589
60378	1488973
60396	1491996
60460	1492479
60519	1491639
60508	1489075
60659	1485026
60718	1485892
60775	1485166
60728	1484646
60652	1483369
60619	1481291
60657	1479544
60595	1478431
60418	1478058
60279	1480227
60297	1479955
60250	1481216
60414	1483488
60408	1483589
60489	1483944
60473	1483512
60454	1483602
60509	1484137
60568	1485642
60555	1486815
60559	1483812
60409	1482888
60342	1486258
60321	1485118
60374	1486547
60351	1487662
60334	1490588
60390	1490699
60416	1490431
60483	1490811
60541	1491047
60554	1490329
60689	1491087
60636	1490678
60542	1489023
60572	1489932
60527	1491926
60472	1492113
60470	1488990
60428	1490674
60462	1489997
60497	1489891
60492	1490806
60470	1492363
60563	1493053
60616	1491076
60607	1490555
60637	1489411
60495	1489377
60443	1488579
60481	1490569
60470	1488646
60490	1489795
60522	1489741
60503	1488574
60413	1488188
60477	1487756
60560	1488205
60500	1489306
60603	1488857
60523	1486871
60495	1486711
60455	1486114
60442	1487429
60437	1487266
60464	1488074
60492	1488173
60617	1486969
60643	1487408
60636	1489234
60551	1488707
60526	1492016
60590	1490730
60580	1490582
60554	1490983
60506	1490567
60470	1491175
60460	1490914
60516	1490239
60587	1488666
60612	1489018
60582	1488006
60528	1488092
60407	1486788
60447	1488388
60451	1488203
60456	1487408
60410	1487676
60423	1485669
60430	1484599
60415	1486054
60461	1488500
60447	1489441
60386	1491316
60438	1489614
60430	1488429
60407	1488668
60470	1487813
60497	1487563
60519	1485206
60555	1486921
60599	1487133
60530	1487913
60513	1486783
60438	1486668
60373	1483415
60399	1484294
60321	1486254
60279	1486024
60248	1488591
60345	1487215
60430	1488303
60368	1489361
60423	1490241
60429	1488245
60350	1491162
60355	1490541
60479	1490926
60469	1491922
60399	1491057
60397	1491099
60435	1487697
60507	1489786
60568	1489841
60536	1487663
60620	1485025
60630	1485799
60539	1482659
60380	1485701
59896	1500877
59449	1513809
