987	25127
1999	53089
3004	80712
3989	109100
5002	136752
6012	164395
7025	191868
8002	220434
9018	248062
10030	275593
11052	302896
12051	330790
13057	358275
14063	385960
15077	413525
15156	416352
15160	415960
15134	416889
15104	416402
15130	415892
15135	415935
15117	416930
15104	415480
15100	415729
15116	415723
15134	416131
15115	416291
15088	417515
15105	417267
15095	418090
15097	417856
15114	417872
15096	416997
15095	416675
15122	417328
15135	417406
15098	417166
15121	418014
15130	417535
15160	417419
15163	417619
15123	418060
15096	416974
15127	416937
15092	416640
15096	416756
15096	417135
15096	417458
15111	417488
15115	417484
15114	417760
15097	417474
15115	416761
15123	417323
15122	418328
15132	418149
15089	417817
15100	418057
15115	418625
15203	415841
15207	415604
15182	415807
15161	415863
15179	415562
15148	416246
15147	415772
15117	416311
15124	417183
15100	417401
15084	416739
15087	416757
15068	416521
15090	415787
15080	415473
15160	417905
15174	418151
15167	417698
15148	417680
15178	417959
15165	417079
15194	416820
15160	416265
15127	416571
15118	415997
15109	416296
15108	416323
15106	415964
15123	416739
15138	416559
15145	416435
15144	416127
15143	416111
15143	415364
15174	414715
15182	414641
15191	415099
15173	415127
15155	414149
15155	414159
15124	414039
15104	414250
15100	414465
15067	414764
15063	415247
15070	415059
15056	415644
15059	415605
15079	415924
15114	416723
15115	417236
15107	417545
15101	417500
15105	418070
15113	418469
15093	418798
15070	419449
15093	419221
15095	418755
15102	418503
15108	419389
15106	419287
15148	418696
15163	419042
15175	419109
15189	418556
15219	417412
15199	417702
15179	417744
15177	417608
15143	417508
15130	416204
15171	415530
15159	415733
15158	415779
15130	415215
15114	415101
15138	415586
15140	414935
15145	414498
15143	414856
15170	415605
15161	414783
15129	414805
15109	414889
15157	412516
15270	409901
15397	407427
15459	404249
15495	401636
15535	398637
15581	394788
15591	392066
15593	389819
15584	387266
15560	383734
15538	379983
15511	376520
15401	373004
15244	370597
15207	369272
15182	369620
15206	369667
15194	369631
15175	368979
15173	368866
15189	369554
15178	369266
15133	369371
15115	369427
15129	369801
15119	371731
15160	372465
15154	373115
15129	372356
15127	373176
15114	373028
15122	373684
15145	373596
15185	373580
15188	374079
15232	373208
15277	372954
15274	372192
15245	372784
15257	372903
15218	371528
15228	371615
15228	370750
15238	370322
15191	370379
15183	370183
15171	369566
15162	369878
15150	370463
15098	370719
15141	371327
15171	371613
15161	372658
15114	372537
15098	373175
15105	373798
15112	373940
15147	374230
15187	374427
15144	374679
15144	375096
15165	375655
15190	375136
15211	374479
15202	373925
15214	374602
15221	375253
15195	374898
15191	373985
15185	373094
15156	373423
15162	373389
15150	374012
15156	374428
15119	373762
15083	374286
15105	373523
15125	373895
15168	373796
15179	373756
15183	373137
15179	372424
15172	371985
15195	372143
15211	372467
15193	371806
15190	371853
15166	371443
15190	370467
15182	370255
15126	369698
15140	370265
15120	370494
15381	369626
15288	366626
15267	366960
15270	366755
15235	367264
15235	367111
15202	367156
15180	366946
15145	366765
15128	366404
15140	367101
15136	366470
15108	365797
15057	366181
15012	365980
15039	367259
15143	370339
15145	370013
15151	370553
15127	370220
15127	370665
15109	370652
15104	370846
15114	370601
15132	370592
15151	369937
15164	370804
15184	370955
15197	369612
15195	369278
15202	368890
15187	368823
15171	369330
15137	369608
15159	368728
15138	368629
15129	368156
15109	368255
15092	369006
15064	369957
15059	371321
15074	370529
15087	370329
15074	372350
15035	373950
15071	374489
15087	374439
15090	374232
15099	373543
15166	373917
15188	373657
15209	373991
15211	374159
15183	374136
15159	373713
15136	373255
15185	373413
15235	373306
15229	371329
15185	369741
15171	369618
15151	369887
15158	369328
15165	369717
15205	369507
15193	370181
15157	370790
15137	370648
15123	369982
15124	369300
15108	369101
15128	369198
15126	369891
15151	370766
15170	370770
15175	370535
15155	370363
15202	370096
15179	370412
15200	371184
15150	371505
15134	370665
15149	369918
15145	370170
15154	370751
15142	370897
15161	370997
15152	370399
15153	370043
15154	370432
15153	370821
15130	370953
15159	371756
15134	371760
15115	372091
15081	371226
15097	371369
15097	372521
15125	371881
15152	371021
15173	370225
15187	370204
15180	371122
15181	371702
15186	371374
15159	371910
15157	371685
15152	371711
15086	372707
15079	372145
15059	372856
15055	373434
15052	372682
15097	373097
15108	374382
15162	374757
15200	374719
15222	373475
15187	373742
15215	373899
15191	373544
15201	373546
15181	374053
15135	372778
15156	372794
15145	372092
15110	372194
15120	372625
15132	373076
15079	373339
15080	374230
15103	374668
15132	375902
15127	375477
15146	375547
15185	374705
15215	374515
15182	374399
15186	374394
15232	373787
15238	374135
15229	373434
15217	373567
15208	373576
15174	372779
15163	372122
15190	371220
15185	370390
15164	370494
15150	370825
15188	370915
15190	371301
15163	370967
15133	371476
15179	371823
15167	371662
15189	371267
15151	371509
15145	371129
15152	370697
15171	370160
15209	370480
15206	371132
15170	371519
15166	370927
15168	371740
15175	371316
15161	371409
15118	371112
15114	372049
15120	371808
15150	372128
15137	371435
15121	372139
15136	372645
15181	372900
15201	373564
15186	373640
15138	374014
15138	374784
15125	374897
15156	374794
15164	374556
15181	374107
15171	373430
15165	374347
15158	375284
15196	374964
15174	374937
15195	374619
15260	374205
15279	373726
15263	373601
15242	372301
15225	371653
15151	372764
15156	373263
15162	373275
15194	372857
15203	373164
15194	372012
15148	371318
15199	370892
15145	371014
15152	371144
15184	371808
15198	372121
15181	371966
15209	372100
15244	371723
15134	371294
15115	371433
15096	371959
15135	372188
15099	372869
15106	373757
15120	373633
15182	374176
15188	372899
15199	372893
15188	373518
15192	373642
15195	373587
15224	373539
15259	374110
15229	372560
15247	371586
15211	371637
15241	371776
15177	371319
15177	370247
15173	370320
15195	370247
15228	370303
15223	370281
15175	370238
15176	369922
15154	370100
15085	372123
15086	372162
15118	372257
15150	373095
15131	372766
15149	372842
15118	372758
15137	373632
15159	373308
15198	373437
15239	373811
15246	374042
15192	374661
15219	374884
15196	375369
15148	373232
15150	373161
15205	372674
15205	372532
15180	372791
15203	372487
15178	372367
15150	372373
15178	372534
15203	372597
15209	372956
15186	373111
15160	371427
15163	371293
15103	371075
15126	371001
15124	370846
15172	371339
15167	371361
15140	370880
15161	371292
15137	371504
15088	372041
15103	372026
15098	372788
15099	372656
15105	372073
15148	372156
15184	371657
15171	371043
15188	371302
15223	370648
15230	371211
15219	371217
15205	371474
15216	371299
15167	371534
15111	371107
15102	371438
15093	370360
15076	370755
15098	370666
15130	370587
15160	371023
15144	371476
15134	371975
15152	373052
15166	372449
15197	371761
15188	371396
15170	372349
15136	371820
15114	371509
15130	370713
15150	371295
15148	370436
15157	370910
15183	371271
15164	372141
15134	372154
15120	371943
15111	371623
15115	372318
15139	373090
15151	373200
15127	372579
15129	372452
15110	372953
15160	373089
15174	372712
15191	373437
15204	373279
15188	374393
15190	373253
15206	372343
15193	372467
15215	372057
15197	371803
15172	372105
15155	372541
15167	372205
15156	372383
15156	371268
15334	371729
15302	372702
15318	371526
15317	371392
15259	370638
15260	370991
15224	372711
15198	372719
15206	373250
15211	372882
15184	372278
15155	371767
15141	372148
15111	372074
15127	372641
15108	373176
15099	372005
15084	374188
15105	374528
15104	374796
15091	375631
15055	374620
15095	373404
15107	373182
15151	373005
15160	373257
15182	373013
15157	373487
15175	372991
15189	372854
15164	372588
15186	373292
15137	372051
15122	372162
15111	371708
15067	371108
15037	371396
15074	372496
15083	372595
15100	373240
15116	372927
15114	373630
15084	373400
15115	373539
15130	373625
15117	373682
15146	372929
15145	372878
15161	372127
15124	373355
15125	373184
15112	372735
15085	373199
15094	373251
15123	372338
15174	371777
15159	371334
15162	370294
15185	369946
15209	369060
15166	369220
15179	369865
15188	369386
15219	369357
15161	367981
15091	369095
15073	369177
15019	368969
15012	368678
15027	369461
15054	370045
15017	370907
15047	371377
15073	372029
15121	372684
15092	372602
15066	373021
15094	373502
15108	374500
15122	374824
15099	373401
15064	374464
15081	373539
15112	373582
15121	373470
15138	373639
15117	372526
15120	372884
15113	373243
15144	373336
15151	372699
15119	372675
15130	372546
15121	371887
15113	371991
15154	371728
15088	371105
15126	371196
15112	371983
15115	371979
15112	372215
15107	372910
15107	372686
15105	371874
15136	371280
15162	371148
15134	370753
15133	370804
15133	370866
15128	370328
15163	370375
15124	369978
15142	370192
15073	370433
15061	370745
15063	370155
15014	370598
15011	370537
15037	370686
15059	371496
15071	372051
15069	372015
15054	372798
15068	372869
15079	373351
15110	373937
15097	374129
15086	375329
15044	375262
15042	375176
15092	375307
15076	374530
15103	374356
15141	374434
15171	374214
15201	373716
15227	373231
15177	373226
15196	372990
15196	372724
15200	372389
15178	372298
15138	371280
15097	370731
15064	370828
15077	370991
15079	370776
15101	370654
15097	370980
15121	370714
15143	370898
15152	371586
15121	370793
15145	370628
15158	370478
15151	370862
15150	370185
15159	369906
15125	369938
15114	369159
15124	368753
15112	369113
15128	369175
15095	369208
15095	370013
15090	370256
15082	369638
15077	369634
15079	370135
15100	369760
15067	369945
15102	369909
15093	370821
15058	371142
15058	372031
15069	372862
15065	372572
15074	373146
15103	372245
15085	372072
15080	371913
15095	372486
15098	372784
15097	372850
15145	373001
15109	373472
15233	371669
15194	371434
15153	371223
15137	370584
15095	370809
15090	370985
15068	370821
15110	371183
15122	370595
15098	371227
15092	370911
15086	370378
15050	370853
15042	371943
14976	371975
15046	375009
15044	374912
15050	374499
15092	374458
15091	373600
15095	373568
15083	373929
15086	374865
15110	375415
15096	375195
15131	374899
15173	374904
15196	373693
15197	372576
15165	371823
15115	371362
15131	370528
15135	370464
15142	370655
15152	371032
15134	371355
15123	370652
15050	371131
15023	371394
15016	371026
15035	371473
15033	372183
15054	373078
15095	373286
15111	372971
15107	372650
15137	373118
15163	372965
15178	372951
15184	372804
15150	372957
15119	374329
15044	374073
15044	373527
15050	373714
15077	373439
15077	372988
15085	372282
15080	373263
15091	373772
15121	373344
15137	373387
15141	374133
15193	373473
15214	373490
15192	373270
15156	371879
15099	371510
15110	371338
15067	371987
15058	372721
15079	372461
15112	372601
15079	372174
15049	372491
15078	372952
15098	372748
15080	372400
15107	373504
15111	373773
15117	373265
15158	373010
15135	372877
15185	372512
15180	370970
15176	369997
15176	370383
15172	371093
15142	371201
15115	370552
15131	369971
15136	370326
15123	370212
15108	369764
15081	369774
15079	369884
15111	369898
15064	370064
15082	370703
15124	370992
15184	370501
15197	369678
15180	368855
15160	368127
15145	368210
15140	369133
15126	368978
15106	369136
15096	369265
15082	368762
15061	369042
15090	369042
15073	368153
15067	367907
15064	368710
15089	369819
15119	370255
15098	371502
15117	371678
15014	374448
14907	377014
14831	380143
14773	382512
14721	385415
14702	388568
14656	391805
14707	394468
14757	397449
14812	400183
14832	403137
14888	405818
14991	408472
15046	410420
