3004	80712
6012	164395
9018	248062
12051	330790
15077	413525
18053	497601
21090	580330
24089	663791
27098	747081
30062	831615
33087	914598
36104	997736
39105	1081326
42095	1165141
45116	1248255
45195	1251344
45176	1251101
45172	1250587
45166	1252168
45276	1250571
45240	1250318
45269	1250938
45216	1252259
45229	1252398
45218	1250386
45223	1251001
45277	1250352
45253	1250721
45240	1250302
45269	1250181
45269	1248907
45295	1247691
45308	1247557
45241	1246950
45288	1249399
45269	1248968
45247	1249464
45164	1248625
45115	1249650
45132	1250883
45143	1250330
45226	1250056
45175	1250236
45209	1249216
45212	1249663
45258	1249901
45318	1250562
45330	1250966
45631	1242178
45901	1233241
46166	1223796
46401	1213000
46537	1203094
46610	1192624
46666	1182718
46656	1174125
46617	1167319
46480	1157842
46338	1150778
46163	1141582
46020	1131382
45724	1123242
45415	1113275
45377	1112917
45301	1113664
45306	1114221
45309	1117057
45346	1117105
45314	1118905
45385	1118723
45352	1119748
45319	1118749
45288	1119177
45250	1118744
45286	1118400
45407	1119541
45418	1119027
45509	1119322
45512	1119443
45650	1114307
45648	1114147
45591	1112175
45602	1111996
45534	1109969
45534	1110721
45460	1109469
45409	1109598
45394	1107505
45370	1106058
45367	1105788
45347	1106212
45316	1106047
45219	1108359
45150	1108143
45239	1113601
45262	1112865
45264	1113260
45241	1114513
45337	1113291
45324	1113149
45374	1112152
45303	1113062
45384	1113677
45419	1114445
45465	1114689
45491	1114608
45517	1114725
45424	1113253
45440	1112138
45346	1111203
45323	1112782
45282	1113087
45310	1110223
45334	1112511
45314	1113001
45308	1115420
45228	1115121
45260	1115879
45281	1115487
45306	1116184
45313	1117030
45318	1117828
45263	1119212
45308	1120921
45357	1119746
45349	1118726
45333	1118874
45434	1121109
45475	1119713
45490	1119362
45453	1118404
45433	1117701
45482	1116512
45489	1117490
45505	1117132
45449	1117659
45460	1116511
45387	1115182
45304	1116027
45316	1117411
45343	1117302
45299	1117908
45332	1117265
45398	1117834
45350	1119373
45367	1118643
45420	1117291
45451	1118913
45454	1118415
45440	1119490
45382	1119463
45431	1120032
45450	1119531
45414	1117940
45439	1116282
45432	1117352
45426	1115315
45441	1115564
45392	1117762
45352	1116114
45358	1116946
45423	1117860
45369	1118417
45377	1118894
45392	1117213
45346	1116444
45358	1116281
45359	1116326
45355	1116356
45416	1116988
45373	1116629
45377	1118822
45428	1118244
45407	1115535
45430	1115110
45381	1115405
45388	1115745
45374	1114170
45331	1114278
45396	1114339
45351	1114858
45374	1114443
45395	1114014
45345	1115220
45352	1116068
45344	1115806
45303	1114367
45300	1116251
45372	1116385
45397	1116956
45361	1116655
45510	1116709
45565	1116302
45489	1117129
45531	1117473
45479	1116909
45496	1117419
45453	1119827
45414	1118590
45420	1117640
45418	1117448
45413	1117999
45364	1117142
45363	1118619
45367	1118462
45328	1118604
45352	1118226
45382	1119859
45316	1119099
45416	1117961
45466	1116476
45486	1116086
45462	1113044
45388	1114664
45424	1114749
45396	1115514
45352	1115815
45318	1116160
45278	1115707
45292	1115461
45245	1115218
45264	1115561
45244	1114796
45241	1113704
45264	1115899
45331	1117146
45394	1116449
45464	1117143
45416	1114927
45408	1116009
45368	1115803
45332	1115443
45275	1115670
45208	1116717
45210	1117677
45227	1116994
45296	1115999
45294	1116403
45323	1116801
45288	1116453
45320	1116100
45396	1116832
45458	1116553
45513	1116515
45509	1115051
45484	1114622
45474	1114455
45444	1112962
45360	1112007
45257	1112606
45272	1112433
45296	1113710
45284	1113239
45325	1112161
45252	1112424
45260	1112636
45269	1113035
45246	1114704
45202	1117167
45267	1117271
45232	1118293
45236	1118296
45334	1117520
45341	1116874
45310	1115441
45286	1117179
45283	1117283
45298	1117805
45378	1118558
45394	1117436
45305	1120069
45343	1119811
45329	1119125
45280	1117033
45339	1117326
45285	1116714
45242	1117633
45329	1118723
45348	1119253
45349	1120067
45341	1118460
45427	1116157
45381	1116638
45430	1116461
45465	1117037
45363	1114451
45421	1113219
45455	1111502
45444	1112052
45441	1112309
45436	1111094
45376	1110317
45353	1111006
44998	1119447
44678	1127104
44465	1135666
44350	1146138
