10030	275593
20082	552644
30062	831615
40125	1108735
50132	1387456
60218	1664096
70187	1943802
80261	2220781
90313	2498436
100406	2774137
110406	3052658
120351	3332884
130409	3610443
140530	3886070
151198	4146736
152369	4116638
153275	4086961
153868	4058066
154533	4027051
154841	3998227
155127	3970229
155096	3940425
155148	3910463
155167	3876271
154956	3846815
154386	3816394
153685	3780985
152759	3751842
151728	3725129
151225	3711459
151355	3712665
151353	3713049
151249	3709830
151309	3710311
151054	3711774
151001	3710417
150762	3711257
150770	3711841
150944	3715851
151058	3716232
151005	3717428
151061	3722799
151084	3722189
151024	3721883
151042	3723169
151097	3725341
151198	3724381
151226	3726534
151267	3728946
151174	3725420
151242	3725196
151144	3722509
151140	3723256
151238	3722358
151283	3723973
151221	3723663
151163	3721443
151360	3720927
151282	3721966
151248	3722282
151204	3721903
151210	3724283
151220	3722305
151256	3719376
151241	3720263
151221	3722096
151230	3721555
151236	3720646
151283	3721488
151196	3722703
151138	3722611
151139	3722591
151242	3721710
151228	3718860
151161	3718671
151120	3718388
151109	3715730
151037	3718376
151125	3719907
151059	3720129
151060	3718528
150977	3721521
151012	3721983
151004	3723421
151026	3720252
151037	3718178
151109	3715659
151072	3719659
150094	3748871
