6012	164395
12051	330790
18053	497601
24089	663791
30062	831615
36104	997736
42095	1165141
48115	1332056
54146	1498649
60218	1664096
66220	1831268
72193	1999479
78233	2165599
84276	2332047
90313	2498436
90441	2498792
90448	2499118
90430	2499286
90411	2500884
90318	2501269
90413	2500408
90403	2499518
90411	2498808
90416	2498523
91068	2482640
91691	2462464
92144	2442274
92547	2424455
92810	2408078
93002	2391245
93247	2373804
93320	2355095
93188	2338017
92948	2320199
92604	2301441
92255	2286068
91756	2269522
91262	2250923
90664	2232597
90796	2227971
90884	2229232
90950	2228874
90957	2229217
90924	2226682
90935	2224188
90980	2225074
90897	2227586
90815	2227012
90703	2226509
90709	2223870
90614	2222660
90552	2220503
90573	2220820
90554	2221612
90664	2224804
90594	2226347
90672	2225802
90597	2227572
90599	2229556
90678	2230873
90671	2232553
90520	2233059
90543	2231508
90484	2231332
90612	2232363
90619	2232822
90695	2232977
90722	2234689
90762	2234394
90733	2237157
90695	2236782
90834	2237547
90753	2237047
90760	2235425
90766	2236622
90715	2236543
90655	2233967
90720	2234654
90743	2232829
90740	2235487
90737	2235151
90744	2237309
90758	2235907
90789	2235857
90723	2233270
90641	2234137
90769	2233297
90717	2232351
90763	2232587
90747	2231552
90701	2230724
90682	2231576
90687	2232435
90730	2234495
90702	2232066
90842	2232454
90772	2231407
90802	2231767
90745	2233841
90796	2233708
90721	2232366
90750	2235004
90735	2235259
90754	2236161
90810	2235434
90858	2233505
90824	2233254
90790	2232962
90697	2233302
90720	2233923
90688	2233787
90730	2232803
90724	2233622
90711	2230187
90711	2230758
90665	2231258
90544	2232424
90531	2232212
90569	2231199
90587	2232352
90715	2233281
90772	2231442
90789	2230425
90754	2228632
90684	2230283
90665	2229709
90755	2228962
90687	2228736
90710	2231257
90664	2232322
90585	2232751
90557	2228881
90490	2229612
90511	2231044
90540	2229860
90478	2232846
90568	2234200
90622	2235007
90636	2236243
90569	2235508
90711	2233440
90780	2235019
90788	2234520
90875	2230627
90813	2229635
90794	2227950
90504	2238700
89892	2254126
