2506	66813
5002	136752
7506	206376
10030	275593
12563	344262
15077	413525
17579	483001
20082	552644
22584	622190
25102	691316
27584	761329
30062	831615
30162	833918
30146	833220
30113	833774
30152	833142
30150	834540
30165	834730
30170	834910
30166	834812
30170	834795
30172	835747
30149	835492
30207	832481
30209	833147
30200	833730
30156	833803
30180	835067
30166	834529
30199	833746
30195	833568
30198	833325
30196	833168
30159	833035
30150	832496
30234	834340
30241	833395
30264	831720
30232	830846
30204	830335
30174	830505
30176	831494
30165	831466
30152	831877
30130	832446
30069	832837
30059	833711
30061	834448
30107	834760
30182	835792
30221	835246
30204	836306
30281	834273
30256	834604
30276	834234
30290	833412
30272	832663
30295	830024
30542	821289
30707	813852
30880	806453
31023	798590
31165	790119
31130	781788
31171	775849
31065	767503
30922	760365
30735	753535
30448	747435
30185	742448
30189	743402
30172	742945
30245	741543
30237	742704
30320	743839
30324	743555
30369	743092
30314	744798
30312	745041
30275	746078
30224	745405
30188	745058
30156	745269
30197	744644
30253	746976
30247	746269
30258	747477
30248	748441
30298	749636
30292	747681
30332	746961
30321	745561
30333	744822
30345	744017
30315	743778
30504	740382
30457	739526
30444	739623
30381	738672
30352	736725
30261	736733
30253	736965
30234	737244
30188	737808
30184	737281
30166	737274
30143	736103
30302	739162
30284	739146
30277	738808
30207	740170
30234	741333
30137	742313
30129	743262
30164	742810
30157	742147
30144	743904
30178	743942
30275	743380
30317	744326
30364	743793
30357	744781
30334	743204
30361	742611
30291	741157
30262	740250
30286	740566
30271	741455
30228	740023
30222	740195
30280	740814
30240	741316
30223	742901
30194	742034
30198	742225
30278	741201
30237	741693
30224	742638
30192	744320
30143	744803
30190	744971
30216	744923
30258	745644
30258	745231
30208	744889
30223	745628
30208	746857
30272	749387
30269	749366
30310	748061
30282	746787
30258	745628
30278	746085
30326	745888
30340	746138
30378	745816
30341	745997
30377	744701
30333	743830
30333	741700
30283	741732
30294	742617
30260	743268
30259	743395
30248	743456
30263	744044
30204	745365
30220	746110
30214	745186
30213	747412
30223	747400
30354	747290
30366	746607
30303	748057
30304	747177
30341	746602
30348	746434
30370	745847
30323	744155
30267	744696
30258	745720
30190	744951
30239	743904
30284	745763
30312	745926
30302	743019
30287	743849
30329	743953
30340	743148
30362	743564
30293	745661
30272	744681
30238	744156
30211	743628
30265	744198
30207	744806
30196	745441
30301	745627
30267	745298
30294	745842
30339	746616
30367	746177
30287	744159
30296	743893
30266	743977
30238	744560
30247	745365
30262	742950
30245	742009
30304	742578
30300	742004
30224	743464
30229	743384
30296	742680
30243	743847
30306	742978
30257	743299
30241	742151
30224	741336
30242	743164
30235	744042
30247	744851
30256	745528
30212	743802
30230	743861
30284	745394
30269	743739
30302	745195
30260	745045
30471	744818
30482	744923
30456	744244
30381	744957
30366	744383
30344	743724
30306	744905
30258	745778
30199	746622
30267	746329
30266	745535
30235	745100
30264	745764
30279	746343
30286	746739
30229	746050
30262	746184
30265	746974
30233	746270
30215	745278
30168	744292
30181	745802
30279	744704
30331	743340
30341	742902
30353	741979
30308	742279
30263	741863
30270	741822
30211	741868
30183	741822
30143	742606
30117	742496
30078	742052
30125	743684
30158	745357
30217	745301
30248	746209
30273	745129
30266	745280
30272	745854
30253	745597
30309	743847
30275	743110
30291	742103
30266	741862
30227	742370
30179	742484
30189	743199
30153	743503
30166	744312
30076	745884
30078	745462
30099	744827
30220	745767
30225	746361
30305	746326
30299	747089
30297	746298
30319	745072
30348	744614
30333	743834
30319	743251
30266	740431
30254	739744
30244	740117
30241	741154
30221	740176
30232	740807
30180	740373
30123	741615
30137	742184
30151	742169
30152	742500
30132	743417
30244	742441
30226	743671
30219	743732
30214	743140
30234	743230
30166	745447
30138	746215
30139	744409
30114	745242
30108	746422
30161	745287
30179	743798
30284	745288
30275	744632
30260	745061
30252	746221
30281	746925
30228	744794
30212	743287
30254	743836
30143	745063
30088	744740
30171	745021
30195	746743
30233	746985
30288	746294
30280	745890
30211	745701
30203	745491
30201	746263
30252	746518
30262	747263
30217	744885
30255	742957
30282	743576
30232	743043
30266	742583
30296	743547
30304	742928
30263	741962
30316	739856
30291	738762
30247	739573
30205	738536
30222	738172
30252	739702
30236	739758
30064	742658
29821	750617
29615	757330
29470	765035
29388	771847
29428	780439
