3423	58299
5206	127778
7512	196963
9930	266129
12396	334929
14875	403849
17370	472373
19865	541202
22387	609191
24873	678096
27358	747323
29876	815622
30161	826376
30130	825990
30141	825088
30097	825412
30126	824380
30103	824384
30126	824068
30122	823799
30177	823467
30120	824199
30104	823367
30276	819143
30240	818677
30200	817846
30205	817677
30109	817691
30109	818340
30082	817636
30054	818366
30024	818426
30005	820196
29959	818825
29961	818776
30105	823468
30088	824150
30121	824070
30144	824589
30087	824551
30073	825444
30078	826473
30106	825649
30095	826049
30057	825774
30044	827138
30051	828044
30060	828175
30083	827000
30118	827695
30156	827292
30174	825790
30114	826433
30101	825960
30134	826569
30121	826852
30114	826684
30082	826029
30082	825152
30078	824915
30096	825608
30092	825579
30135	825659
30174	826280
30127	825152
30135	825039
30150	824557
30156	822971
30120	823168
30091	823195
30081	824100
30075	824475
30066	824742
30073	824093
30078	824667
30106	824112
30060	824927
30057	825404
30057	826669
30117	827554
30115	827041
30150	825909
30136	825421
30147	824531
30126	824505
30179	823886
30165	823784
30198	824449
30167	823274
30120	823525
30116	821811
30103	821658
30096	821398
30131	821630
30106	821553
30104	822038
30077	821459
30112	822450
30129	821286
30104	821407
30083	822042
30035	821464
30056	822680
30044	823108
30069	822981
30156	821606
30434	813506
30701	804438
30931	795409
31095	786618
31264	778207
31332	768523
31325	758178
31242	748583
31080	738943
30795	730667
30556	720978
30300	713289
30245	711889
30171	713289
30085	715260
30101	714377
30100	714927
30085	716542
30124	717544
30149	718149
30162	719064
30195	716887
30270	717698
30323	718086
30396	717933
30355	716503
30274	715071
30312	715538
30319	715195
30233	714775
30196	715431
30141	715930
30092	715620
30148	717015
30227	715757
30239	715836
30268	716608
30244	717488
30206	717907
30221	718759
30219	719808
30196	719760
30198	718621
30165	718287
30201	717274
30236	716189
30328	717231
30335	717701
30306	718242
30312	716785
30323	714826
30277	714514
30189	714895
30168	714307
30152	715404
30136	715065
29868	723053
29938	724632
30006	725064
30051	724986
30061	724667
30124	726120
30257	727063
30275	728126
30306	727197
30369	727316
30432	726680
30499	727146
30279	719269
30249	719313
30283	718874
30248	719652
30213	720389
30180	720459
30218	720947
30228	718872
30272	717831
30282	717587
30289	717715
30289	717051
30315	717828
30276	717790
30306	718332
30300	716810
30238	715989
30189	715301
30161	715455
30174	716625
30107	720113
30129	720578
30156	720438
30182	720952
30199	721078
30237	719586
30220	720304
30250	721195
30265	720990
30301	720580
30322	720288
30345	719582
30171	718764
30169	718438
30181	718462
30171	718465
30154	718916
30221	719403
30206	718586
30142	719875
30130	720547
30199	720273
30216	720659
30249	721135
30208	719152
30245	718941
30244	719226
30261	719033
30220	719135
30286	718977
30309	718888
30245	717386
30180	717327
30210	717793
30224	716602
30196	717201
30207	717400
30225	717622
30207	717699
30207	717972
30191	716870
30248	716854
30266	716837
30304	715608
30238	715530
30247	715388
30284	715846
30229	715464
30211	715629
30204	715817
30204	714907
30153	715136
30122	716318
30154	716808
30157	717251
30224	718174
30180	718382
30219	718438
30253	718501
30266	717856
30292	717183
30243	718026
30290	718075
30259	717601
30214	716967
30232	716800
30227	716458
30238	716852
30167	717206
30230	716089
30252	715975
30278	715858
30317	715565
30218	715646
30226	716239
30246	715402
30249	714406
30231	714914
30222	714898
30173	715543
30097	714709
30159	715733
30141	717082
30139	718166
30285	716209
30207	715766
30188	715961
30223	716423
30307	716135
30271	716225
30204	717859
30133	717786
30091	718628
30129	718673
29992	720527
29545	731089
29428	742933
29246	751184
29120	760069
29119	768735
29170	779132
29244	787642
29337	794453
29503	802027
29682	809998
29959	819688
30171	826008
30095	823721
30071	824179
30085	824031
30068	823965
30084	824916
30086	824097
30069	824577
30140	823885
30124	825576
30126	825018
30073	825706
30075	825741
30066	826508
30039	826111
30043	826920
30060	826696
30080	825767
30076	827027
30074	826798
30151	828124
30107	828063
30187	827153
30152	826221
30134	826661
30144	825202
30112	825882
30118	824578
30140	824260
30192	823748
30125	823683
30127	823471
30127	823396
30068	822803
30100	824510
30085	824555
30039	824586
30070	825381
30047	824146
30041	825848
30061	826600
30133	827253
30148	825752
30161	825783
30161	826337
30134	826628
30100	827173
30111	826890
30112	825943
30139	825500
30144	826157
30156	823892
30140	823419
30171	823114
30169	824392
30177	824068
30154	823789
30130	822946
30091	821664
30079	821362
30067	821725
30087	821616
30056	821531
30088	822730
30094	822565
30081	823928
30039	823780
30057	823913
30085	822878
30091	822900
30131	822373
30120	823015
30145	822185
30143	823027
30116	823024
30083	823968
30079	824594
30041	824185
30006	824210
30009	824546
30045	825124
30053	825330
30130	825277
30121	825283
30161	826122
30158	825892
30175	825135
30151	824199
30117	824495
30129	823578
30118	822855
30111	822502
30141	821686
30129	821373
30162	821715
30142	821277
30142	820635
30140	819472
30196	818135
30511	808498
30720	798708
30938	790028
31048	782263
31162	773039
31220	765144
31149	757164
31083	748598
30918	739918
30696	732279
30439	724864
30168	717527
30200	718470
30238	718021
30332	716697
30290	715749
30334	715569
30334	715440
30267	715159
30225	716015
30223	715308
30183	714296
30155	713605
30162	713388
30107	713846
30120	714486
30206	715892
30216	715691
30236	716572
30285	715320
30281	714041
30208	714060
30203	714922
30227	714354
30198	715093
30246	714658
30244	712929
30224	712869
30249	712321
30239	712359
30167	712957
30216	714173
30217	714983
30174	714278
30124	714469
30128	715529
30078	715394
30045	717872
30022	721368
30079	721226
30171	721726
30241	721237
30182	721727
30181	723281
30205	723949
30250	723923
30252	723957
30304	723356
30274	724153
30214	723575
30136	721399
30212	720991
30212	722391
30290	723049
30299	721247
30270	719534
30241	719222
30258	719554
30269	718915
30358	717883
30325	716173
30284	714949
30287	713841
30293	714372
30245	712780
30195	713509
30160	715123
