7512	196963
14875	403849
22387	609191
29876	815622
37387	1022051
44899	1228233
52466	1432658
60108	1634765
67630	1839728
75105	2045869
82562	2252854
90106	2458233
97612	2664317
105053	2872342
105337	2881665
105217	2882559
105266	2882418
105214	2882680
105159	2883261
105151	2883090
105209	2884610
105337	2888576
105427	2888752
105398	2889929
105371	2889081
105391	2890512
105402	2891204
105404	2887987
105447	2887091
105379	2885862
105460	2885310
105452	2884065
105456	2881693
105412	2882411
105416	2882632
106107	2863464
107058	2836732
107825	2806519
108424	2778943
108843	2751349
109055	2724618
109218	2700137
109301	2672857
109184	2644327
108961	2618415
108423	2594029
107911	2567328
107041	2540351
105962	2515242
105621	2507878
105752	2506352
105822	2508553
105843	2509159
105858	2509654
105495	2516489
105439	2516524
105496	2518658
105601	2520297
105704	2520168
105575	2521053
105773	2520732
105839	2519860
105801	2518692
105853	2518067
105884	2523614
105945	2524027
106031	2524101
106092	2523582
105760	2517314
105740	2516372
105733	2515490
105684	2516709
105730	2517592
105663	2514946
105777	2516547
105806	2517451
105826	2516660
105872	2517617
105835	2513271
105867	2511887
105877	2511985
105884	2512173
105820	2511758
105827	2511860
105896	2510582
105790	2509501
105789	2509064
105816	2508916
105867	2507259
105813	2507110
105821	2506562
105754	2506677
105829	2506631
105831	2508145
105770	2508792
105689	2510214
104706	2532313
103780	2558442
103081	2586062
102468	2612301
102035	2640034
101786	2667269
101823	2694382
101795	2722605
102015	2751247
102370	2777303
102903	2806297
103550	2832403
104279	2859270
105216	2882378
105345	2886760
105335	2888223
105356	2888963
105354	2889943
105374	2888918
105352	2890197
105456	2891235
105497	2887351
105457	2886596
105482	2885792
105459	2884642
105434	2885058
105422	2883592
105525	2885059
105505	2884270
105393	2884688
105346	2884570
105325	2883089
105344	2883068
105277	2881376
105336	2880099
105427	2881252
105503	2877414
106518	2850042
107345	2823712
107975	2797242
108510	2772063
109027	2743724
109323	2716128
109323	2688365
109272	2660327
109064	2634333
108752	2606313
108181	2579709
107577	2553299
106797	2525377
105830	2502351
105813	2504150
105681	2506027
105581	2507185
105448	2508105
105506	2511410
105481	2514162
105455	2514268
105555	2514251
105566	2514433
105743	2513791
105818	2512126
