9930	266129
19865	541202
29876	815622
39868	1091541
49932	1365001
60108	1634765
70092	1909232
80093	2183427
90106	2458233
100091	2733783
110071	3009476
120014	3286408
130109	3559573
140071	3836328
150107	4111323
150406	4119724
150427	4118097
150371	4120176
150338	4118424
150298	4121852
150522	4125564
150582	4125182
150644	4125084
150676	4124134
150708	4122038
150638	4122143
151286	4100397
152627	4064771
153618	4025958
154524	3988771
155144	3955033
155753	3919874
156093	3880799
156265	3845696
156073	3809335
155926	3773756
155422	3741007
154892	3703866
154085	3668503
153069	3633907
151385	3605390
150700	3590185
150768	3592700
150868	3594036
150888	3597355
150938	3593745
150997	3594939
151133	3596153
151056	3599548
151091	3597510
151171	3599245
151087	3598226
151222	3600724
151262	3602733
151362	3602860
151101	3595069
151081	3594406
151093	3593166
151146	3592610
151131	3589335
151228	3591396
151225	3591628
151274	3592472
151181	3588844
151246	3588842
151256	3587981
151235	3586052
151270	3584353
151161	3583441
151169	3582877
151171	3581601
150997	3584321
149691	3616439
148431	3652389
147460	3688621
146614	3724653
145950	3760158
145497	3795889
145249	3833547
145251	3870156
145472	3906021
145878	3942479
146520	3978713
147194	4014843
148077	4052561
149226	4088271
150298	4123060
150543	4125269
150591	4124697
150660	4124734
150667	4123968
150632	4124033
150689	4122043
150607	4121016
150539	4121781
150575	4121105
150580	4120637
150624	4120812
150637	4117827
151031	4103287
152307	4068068
153261	4030855
154187	3997865
155056	3959569
155599	3924801
155983	3888981
156169	3852228
156244	3816708
156113	3777942
155660	3740639
155031	3705894
154023	3675111
153025	3639864
151770	3608574
150785	3588012
150834	3588072
150817	3587571
150900	3583383
150999	3587626
