3661	72459
6109	155464
8941	238824
11895	321389
14875	403849
17874	486066
20866	568575
23864	650999
26859	733539
29876	815622
32858	898614
35878	980810
38868	1063863
41903	1145708
44900	1228233
45231	1237666
45214	1237017
45188	1235418
45173	1235353
45318	1230916
45321	1230735
45314	1229906
45257	1230767
45243	1230022
45230	1230247
45177	1229798
45123	1230749
45079	1230250
45098	1230247
45079	1230000
45057	1231042
45055	1230514
45034	1231625
44987	1232254
45093	1237577
45132	1237391
45134	1238860
45087	1238647
45067	1240756
45097	1240539
45156	1239318
45115	1239197
45154	1238152
45166	1239282
45163	1240069
45160	1239713
45175	1241012
45161	1241160
45182	1239971
45163	1238981
45191	1239807
45181	1239137
45200	1237587
45105	1237298
45148	1236933
45218	1237177
45200	1236366
45220	1237776
45185	1237854
45163	1237496
45145	1237754
45129	1236557
45133	1235230
45106	1236949
45102	1237422
45072	1238110
45088	1237926
45157	1238017
45126	1236529
45172	1236988
45204	1238078
45239	1237679
45250	1236625
45239	1235859
45197	1236472
45225	1234902
45224	1235381
45266	1235620
45219	1234106
45187	1233622
45130	1232613
45185	1231093
45160	1232612
45138	1233132
45126	1233405
45111	1233116
45076	1234907
45125	1234411
45425	1226267
45742	1214535
46090	1204729
46376	1193136
46580	1183218
46782	1171560
46897	1159950
46925	1149168
46958	1140228
46873	1127778
46733	1116192
46461	1106360
46101	1097157
45740	1084173
45320	1075599
45189	1073540
45184	1073661
45158	1074610
45269	1073722
45278	1072787
45325	1074092
45381	1074280
45384	1074594
45377	1074548
45426	1075437
45447	1076501
45377	1076302
45298	1075181
45389	1075205
45382	1073147
45320	1073330
45291	1073619
45199	1073906
45283	1075464
45278	1076993
45277	1077158
45307	1078086
45335	1077406
45389	1075949
45408	1075950
45366	1076022
45364	1074474
45393	1072593
45400	1074313
45418	1076005
45396	1075709
45380	1075663
45027	1082178
45053	1082793
45050	1081585
45067	1081743
45058	1082307
45130	1082621
45186	1085400
45279	1084797
45303	1084671
45379	1086024
45519	1086916
45546	1086408
45536	1086417
45545	1087199
45574	1087701
45321	1079929
45373	1078543
45440	1078067
45433	1078029
45419	1076955
45444	1077218
45357	1076760
45415	1076881
45415	1076390
45388	1075856
45415	1076566
45363	1077513
45246	1079144
45211	1078377
45195	1077448
45210	1077916
45280	1078345
45331	1079098
45292	1079517
45348	1079385
45367	1079295
45341	1078455
45350	1079843
45348	1080855
45384	1080612
45404	1080774
45397	1079447
45239	1078524
45217	1078811
45262	1078706
45257	1079109
45297	1079629
45334	1079211
45319	1078395
45360	1079065
45347	1080065
45415	1078832
45405	1077924
45333	1078052
45362	1078034
45398	1076850
45383	1078002
45364	1075862
45311	1076107
45311	1076764
45305	1075828
45349	1074867
45411	1074106
45392	1074627
45387	1074389
45337	1073203
45380	1074230
45357	1074927
45330	1073534
45312	1074107
45317	1075964
45277	1075109
45306	1075788
45266	1075042
45248	1074855
45265	1074826
45338	1075359
45376	1076833
45366	1076300
45361	1076320
45360	1076696
45397	1076101
45362	1076130
45364	1077132
45397	1075808
45389	1074051
45386	1073673
45381	1073506
45337	1074250
45348	1073284
45371	1073163
45376	1073545
45334	1073819
45315	1074147
45310	1073940
45238	1074871
45379	1072778
45304	1073147
45243	1072879
45283	1073618
45368	1073294
45354	1073848
45284	1075685
45171	1076877
45230	1077211
45088	1082101
44581	1095850
44266	1105629
44004	1115955
43838	1126620
43638	1136671
43687	1149938
43695	1158232
43712	1168910
43807	1180476
44013	1192415
44204	1203213
44394	1212664
44638	1221086
44987	1232863
45214	1239157
45120	1235720
45133	1236203
45136	1236033
45101	1237447
45092	1237270
45079	1238152
45108	1240656
45114	1240166
45137	1238942
45123	1239484
45122	1239540
45108	1239746
45159	1239500
45157	1238752
45149	1239329
45166	1239926
45202	1239564
45242	1239285
45257	1236984
45232	1237359
45213	1236816
45158	1236163
45139	1236983
45167	1237540
45121	1237779
45144	1236766
45087	1237097
45085	1238544
45124	1238016
45140	1236663
45152	1236072
45130	1237689
45123	1239458
45191	1240682
45197	1239752
45232	1239128
45249	1238167
45235	1237333
45272	1236575
45230	1236006
45241	1236858
45222	1235355
45187	1234198
45197	1234791
45202	1235937
45259	1235334
45191	1234239
45140	1232812
45081	1233613
45062	1234289
45097	1234258
45148	1233911
45159	1233747
45173	1234692
45199	1233297
45149	1234032
45148	1235009
45130	1235974
45110	1236436
45069	1236816
45109	1237836
45120	1237078
45159	1236685
45127	1236047
45103	1235880
45133	1236188
45173	1236980
45195	1237170
45197	1236999
45262	1237742
45256	1236148
45241	1235612
45252	1233493
45222	1233139
45223	1231083
45190	1231050
45470	1223730
45818	1213614
46135	1201744
46346	1191492
46570	1180574
46692	1170123
46739	1160271
46769	1149479
46740	1139734
46675	1129834
46520	1119439
46393	1109603
46193	1097164
45920	1087517
45522	1076524
45389	1073424
45330	1074393
45383	1074759
45337	1074178
45383	1073942
45365	1073728
45315	1073290
45318	1073138
45291	1072241
45275	1071848
45287	1070287
45296	1070415
45321	1072984
45367	1072158
45354	1072885
45408	1071677
45368	1070348
45398	1070151
45341	1070285
45328	1071389
45321	1070915
45269	1070998
45244	1071561
45227	1072138
45209	1072673
45114	1077523
45136	1078358
45140	1076955
45229	1077127
45106	1079425
45181	1081484
45215	1082081
45275	1083197
45322	1082590
45294	1083328
45302	1085476
45381	1084275
45369	1084877
45452	1083787
45480	1083431
45357	1079819
45338	1079920
45406	1080386
45546	1079570
45460	1076632
45465	1075213
45469	1074640
45471	1073700
45444	1075076
45335	1075260
