3639	19867
3602	40475
3660	72459
4392	99540
5206	127778
6109	155464
7046	182886
7973	211227
8942	238824
9929	266129
10909	293895
11895	321389
12889	348773
13881	376233
14875	403849
15064	411479
15249	417721
15092	413607
15112	414077
15091	413424
15090	413111
15105	412885
15077	411959
15057	412175
15070	411967
15059	411756
15045	412150
15039	412402
15057	411934
15053	411773
15045	411855
15057	412863
15037	412548
15031	412589
15029	412566
15053	412235
15067	412555
15061	413054
15042	412864
15054	413445
15052	413398
15071	412169
15067	411829
15081	412533
15075	412611
15079	412453
15086	411534
15073	411511
15057	411535
15058	411233
15069	411671
15084	411044
15075	410182
15047	410379
15012	410754
15003	410730
15045	411034
15042	411437
15016	411582
15177	406532
15122	407400
15135	407557
15142	406676
15127	406053
15093	406613
15090	406000
15094	406424
15056	407541
15011	407524
14962	406937
14918	407467
14953	406819
14916	406571
14869	406270
15051	411104
15035	409850
15031	410417
15044	411611
15050	412361
15041	411813
15038	413078
15051	413221
15020	412901
15025	412347
15038	411888
15021	411347
15069	412394
15085	412105
15062	412627
15087	412364
15099	413105
15086	413228
15080	412755
15064	412598
15092	412257
15071	411436
15060	411512
15042	411061
15029	411754
15034	412663
15037	412726
15035	413041
15033	413807
15005	413531
15021	414109
15035	413424
15020	413295
15043	413025
15046	412908
15056	413792
15057	414346
15055	414603
15085	414153
15045	414546
15035	414475
15037	414509
15004	415321
15003	414719
15008	414182
15011	414066
15039	414368
15054	413898
15109	413538
15120	413496
15093	413903
15087	413415
15085	413013
15130	412994
15113	411852
15103	411315
15084	411546
15026	410920
15012	411581
15001	412254
15010	411894
15024	411736
15007	412565
15045	413150
15045	413303
15010	412949
15009	413251
15024	413322
15053	413864
15047	414762
15077	414714
15088	414095
15084	413730
15090	412795
15068	412590
15077	413021
15087	413286
15071	412654
15070	413119
15079	412750
15055	412630
15045	412471
15058	412297
15069	411912
15050	410973
15045	411566
15025	412577
15023	412648
15072	412215
15047	412397
15057	412018
15059	412016
15063	412115
15079	410908
15100	410720
15084	410341
15061	410644
15060	410931
15061	411591
15060	412041
15049	411629
15014	410911
14981	411476
15014	412342
14984	412377
15008	412457
15017	412238
15010	412481
15033	413727
15076	413644
15085	413752
15075	413442
15068	413608
15089	412705
15100	412216
15095	412483
15070	413276
15041	412825
15041	412974
15019	412654
15029	412947
15035	413346
15012	413863
14999	413475
15034	413764
15044	413802
15045	413840
15048	413414
15084	414024
15128	413760
15131	413426
15103	412763
15105	412228
15096	412299
15099	411945
15102	411584
15101	411078
15065	410445
15044	410876
15051	410956
15071	410084
15044	410397
15044	410395
15049	410179
15073	410649
15063	411023
15069	410442
15070	410806
15034	411184
15029	411584
15036	411941
15071	411593
15054	411722
15058	410551
15041	410867
15071	411574
15054	411144
15071	410848
15069	411110
15074	411211
15074	410607
15080	411168
15072	411072
15060	409987
15029	410195
15011	410097
15029	410781
15019	410212
15031	411186
15021	411049
15037	410876
15082	409552
15059	410781
15062	410438
15044	410752
15056	410800
15053	410589
15024	411254
15032	411826
15008	411589
15015	411367
15005	411718
15007	412185
15024	411379
14996	411998
15013	412232
15049	414211
15049	412883
15099	412273
15072	412448
15155	410806
15257	407995
15345	403941
15440	400064
15504	396459
15570	393071
15592	389312
15600	385594
15638	382164
15590	378068
15561	374386
15510	369373
15446	366388
15358	364219
15223	360018
15189	357717
15142	357074
15151	356365
15171	355910
15152	355741
15146	355512
15137	354962
15128	354782
15102	355625
15076	355581
15051	356281
15098	356644
15103	355987
15077	355361
15080	355312
15115	355572
15093	355463
15112	355886
15124	356514
15109	356697
15075	357777
15039	359115
15037	359607
15016	359368
15020	359271
15024	358096
15059	358156
15072	359044
15084	359279
15073	360269
15090	360970
15116	360867
15134	361289
15161	361230
15172	361187
15149	360372
15093	359886
15096	359431
15081	359617
15122	358862
15182	358791
15211	358922
15226	358053
15206	358428
15187	357206
15156	357116
15154	357472
15152	356917
15157	356609
15137	356511
15134	356131
15088	355845
15072	356181
15055	355609
15088	356009
15108	356747
15090	357470
15124	357825
15131	356464
15099	357962
15089	357659
15056	358015
15074	358295
15089	358752
15071	359143
15073	359799
15062	359735
15051	359658
15072	359955
15099	360349
15114	360268
15142	358813
15159	359010
15222	359502
15204	357979
15196	358177
15153	358084
15150	358118
15163	357569
15128	357549
15087	357689
15072	357597
15052	357631
15015	358342
15029	358142
15020	358491
15076	359181
15063	359829
15057	361142
15120	361052
15103	361583
15095	361356
15131	360745
15162	361351
15162	360888
15145	360598
15171	360108
15180	359773
15144	359109
15170	358772
15192	357698
15200	357955
15193	356880
15131	356190
15142	356919
15112	356118
15074	356307
15076	357159
15064	357024
15088	356381
15067	356187
15099	355947
15115	355459
15104	355142
15081	356354
15123	356816
15105	357177
15097	358332
15067	358584
15086	358034
15099	358189
15087	357606
15052	357805
15029	358316
15078	358739
15084	358878
15109	359481
14938	365156
14889	367927
14909	367256
14963	367816
14989	367661
15011	366818
15022	366539
15090	366632
15138	366797
15200	366975
15211	366779
15218	366654
15288	366856
15311	367242
15380	366707
15196	362139
15103	359552
15104	359778
15072	360310
15064	360562
15104	360287
15110	359952
15134	360131
15119	360519
15118	360976
15154	360087
15139	359795
15134	360483
15129	359904
15140	360810
15152	359878
15180	359437
15159	359627
15128	359003
15122	358185
15148	358321
15132	359062
15114	359654
15088	359133
15058	359116
15069	360333
15077	360309
15049	360098
15051	360555
15039	360457
15060	361163
15125	360940
15146	359959
15150	359869
15196	359796
15221	359983
15229	358719
15217	358282
15204	358454
15187	358035
15149	357609
15111	358257
15099	357667
15111	356496
15082	356457
15045	356578
15090	356841
15093	357693
15071	357921
15080	358779
15093	358609
15109	359614
15141	358945
15152	358356
15142	358668
15132	358448
15090	358022
15085	358327
15138	358805
15129	358664
15107	358580
15139	358785
15088	359359
15095	358704
15055	358938
15008	360769
14976	360980
15014	361917
15058	362222
15071	361899
15080	362320
15095	361828
15105	361604
15142	362147
15170	362172
15170	362056
15199	362290
15209	360694
15242	360882
15207	360628
15146	359224
15108	358927
15113	358236
15085	358973
15105	358489
15064	358749
15087	358627
15106	358526
15094	358433
15089	358592
15112	357964
15095	358220
15151	358349
15153	358700
15117	358889
15093	359203
15066	359583
15100	359690
15059	359465
15064	360509
15049	359786
15089	359479
15110	359773
15094	360032
15070	360400
15114	360716
15118	360264
15170	360326
15155	360703
15161	359930
15149	359358
15110	359074
15074	360598
15059	360410
15053	359625
15038	360276
15070	361218
15098	360966
15108	360241
15092	359884
15105	360038
15107	360625
15136	361061
15132	360432
15152	360810
15173	360754
15175	360327
15136	358923
15138	358531
15150	358727
15114	358333
15115	357837
15130	357997
15124	358792
15100	358968
15095	359320
15067	359176
15090	358986
15117	358545
15117	358092
15125	358194
15117	358536
15132	358403
15128	358855
15120	359104
15091	359443
15103	359571
15119	359360
15105	359001
15101	358204
15088	357763
15091	357049
15090	357698
15094	358656
15100	359100
15119	359025
15129	358468
15153	358536
15123	358767
15119	358457
15079	358331
15079	358506
15074	359244
15080	358971
15101	359286
15111	359378
15148	359603
15150	359004
15145	358198
15142	357675
15142	357920
15174	357773
15210	357167
15174	356841
15142	357451
15132	356853
15103	357170
15087	356229
15089	356417
15092	356167
15072	356238
15063	356551
15076	356456
15067	357266
15087	357455
15068	357669
15079	358031
15100	359224
15105	358976
15071	358847
15117	358350
15090	357917
15094	358821
15099	358719
15105	359383
15111	359314
15087	359810
15110	360027
15102	359542
15115	359979
15108	359710
15124	359616
15109	359397
15123	359198
15096	359170
15132	359839
15123	360256
15083	360486
15140	359719
15125	359326
15152	358760
15120	358465
15132	358451
15142	358314
15141	357925
15157	357436
15151	357928
15125	358212
15115	358828
15104	358344
15115	358111
15090	357577
15037	357276
15083	357882
15073	358050
15088	358909
15084	358421
15087	358792
15120	358486
15141	358197
15154	358857
15146	358576
15120	358521
15107	358024
15098	358533
15105	359182
15113	359455
15106	358769
15150	358207
15153	357784
15128	357614
15154	357165
15131	356948
15147	357372
15167	357551
15161	357029
15148	356840
15119	356773
15085	357622
15060	357264
15035	356957
15015	356726
15037	356752
15084	357195
15125	356742
15116	356603
15122	357577
15111	357646
15114	357542
15118	357797
15131	357962
15144	358035
15102	358525
15066	357921
15064	357869
15052	358008
15037	358324
15070	358166
15085	358538
15106	359812
15101	360169
15081	360129
15077	360179
15088	360624
15226	357430
15206	358120
15207	358198
15156	357849
15140	357845
15140	357944
15121	357914
15118	357443
15136	357692
15126	357885
15131	356679
15119	356054
15097	355588
15069	355503
15026	355601
15151	358621
15060	359827
15079	359419
15051	359311
15014	359941
15022	360048
14979	360955
15012	361107
15056	360604
15049	360788
15070	362195
15078	363071
14989	366384
14822	371557
14713	375488
14662	379799
14570	381488
14575	385555
14586	388469
14578	391243
14618	394455
14624	397086
14700	400843
14818	405071
14920	407947
14990	411323
15114	414039
15127	414699
15079	413071
15055	412154
15035	411518
15055	411159
15057	410685
15087	410452
15071	410784
15070	410990
15063	410869
15033	411298
15038	411205
15047	411741
15031	411101
15033	411511
15024	411332
15027	411235
15021	411567
15010	411896
15028	412559
15048	412986
15066	413743
15067	413247
15065	413399
15080	413131
15035	413385
15042	413662
15057	413175
15076	412991
15077	412744
15063	413126
15067	413221
15063	413010
15070	412306
15076	411820
15081	411547
15050	412008
15055	412329
15062	411623
15061	412033
15038	411120
14995	411777
14993	412531
15009	412991
15014	413284
15008	412812
15004	412988
14995	413498
15016	413950
15037	414233
15038	415035
15016	414905
15030	414591
15056	415291
15069	415002
15080	415385
15069	414469
15086	413236
15087	413158
15065	413504
15074	413546
15065	413707
15060	413300
15071	413284
15078	413384
15047	413199
15029	412833
15030	413472
15048	412866
15070	412465
15062	412178
15050	412754
15099	412985
15080	413451
15057	412996
15060	412971
15054	412463
15071	411902
15043	412692
15049	412555
15035	412333
15046	411826
15035	411106
15059	411280
15075	411818
15080	411814
15088	410613
15116	410763
15068	410827
15052	410960
15051	410842
15033	411438
15064	411569
15027	410840
15035	410692
15008	411023
15010	411504
15019	411697
15020	412175
15002	412700
15018	412502
15042	413531
15070	413792
15069	412837
15030	413736
15038	413966
15044	413196
15059	413812
15079	413234
15088	413550
15075	413050
15048	413767
15050	414151
15028	414549
15017	414026
15049	413894
15062	413188
15067	413461
15108	413280
15073	412177
15082	411855
15081	412505
15089	411971
15124	411998
15099	412590
15092	412805
15049	412418
15027	412477
14979	412756
14978	412732
14995	413188
15028	413309
15019	413429
15049	413932
15058	413798
15082	413931
15098	412945
15109	413529
15143	413896
15104	413658
15105	413333
15124	411982
15121	411415
15084	410451
15074	410575
15076	410113
15085	410144
15070	409685
15059	409658
15031	410312
15038	410220
15057	410608
15033	410539
15027	410964
15013	410329
15004	410470
15046	410955
15041	411531
15055	411085
15053	410891
15053	411530
15072	411386
15071	411677
15051	412304
15048	411110
15035	411786
15071	411353
15059	411077
15059	410474
15041	411302
15040	411141
15058	411302
15027	411199
15051	411550
15065	411346
15038	411368
15056	411501
15017	412251
14983	412022
14999	413168
14994	412283
15036	412656
15040	412836
15069	412820
15068	411676
15087	411538
15103	411654
15079	411701
15095	411545
15117	411510
15104	411074
15126	410915
15062	410764
15055	410115
15045	409227
15064	409228
15060	409721
15024	410191
15020	410738
15047	410728
15025	411715
15025	412053
14991	412267
15006	412636
15015	413118
15031	413130
15031	413905
15006	413421
15022	413723
15040	414363
15049	415305
15060	415000
15054	414355
15049	414278
15077	414665
15068	413808
15080	413371
15059	413063
15080	412723
15099	412057
15110	412034
15092	411815
15083	411862
15085	411938
15077	411616
15041	411347
15068	410867
15046	411537
15042	411172
15043	411090
15040	411419
15044	411556
15045	411136
15043	411587
15066	411995
15060	412509
15067	412124
15061	411716
15052	411882
15064	411662
15063	411090
15087	411538
15055	410965
15078	410698
15097	410321
15087	410152
15064	410685
15087	410237
15085	409669
15080	409441
15051	409172
15042	409611
15047	409561
15036	409056
15049	408988
15070	408646
15062	408582
15043	408507
15036	409180
15059	409307
15172	405870
15273	401489
15388	398261
15469	395270
15522	392178
15585	387795
15593	384072
15603	380467
15556	378066
15534	374977
15517	371756
15465	368190
15377	364532
15256	360696
15117	357780
15100	357447
15112	357949
15092	358903
15078	358747
15070	358652
15116	359218
15121	359101
15125	359451
15082	358794
15062	359223
15092	359332
15094	359884
15102	360332
15137	359958
15127	359904
15135	360339
15145	360001
15116	359567
15113	359605
15147	358773
15217	357549
15212	357727
15216	357246
15202	356829
15172	356162
15166	356429
15124	356304
15129	355237
15121	355870
15118	355254
15087	355063
15062	355474
15033	355592
15013	355347
14996	356968
15058	358204
15054	358068
15080	358062
15093	358060
15107	357986
15081	358417
15070	358157
15128	358368
15125	358114
15156	358170
15168	357914
15128	358253
15105	358254
15117	358415
15084	357549
15092	357496
15084	357572
15106	357830
15114	357803
15135	357672
15095	357395
15080	357704
15103	358204
15119	357864
15150	357682
15176	357328
15149	356560
15139	355787
15123	355967
15114	355898
15096	356362
15086	356370
15060	357092
15084	356786
15099	356922
15097	356346
15065	356302
15038	356889
15066	356907
15096	357098
15147	356921
15160	356864
15180	357142
15172	356911
15169	356901
15151	356644
15170	355731
15125	355229
15139	355503
15129	355686
15102	356544
15068	356600
15029	356068
15032	356618
15045	356887
15073	357372
15079	357491
15072	357841
15068	357940
15073	358199
15065	358305
15102	359296
15098	359240
15133	359102
15126	359299
15096	359248
15081	359129
15073	359326
15079	359148
15037	360526
15006	362024
15004	363168
15003	363527
15031	363513
15063	363258
15098	362927
15134	362471
15145	362486
15200	362241
15203	362267
15231	361335
15195	362089
15185	362401
15160	363659
15143	362315
15078	361704
15053	360825
15031	360422
15054	360117
15044	360624
15069	360837
15107	361060
15097	361471
15145	361963
15167	361454
15203	362007
15163	361496
15128	361752
15091	360521
15069	361585
15055	360979
15044	361483
15067	360977
15097	361374
15123	360393
15123	360540
15122	361131
15104	360920
15135	360929
15180	360867
15208	360445
15174	360647
15161	359495
15176	359251
15121	358496
15118	358376
15101	357511
15101	358245
15127	357395
15110	358903
15117	358654
15096	358248
15086	357995
15110	357558
15153	357088
15175	357118
15155	356153
15150	356678
15153	356860
15136	356490
15134	356332
15148	356219
15129	355596
15159	356128
15094	355344
15098	355050
15097	354536
15067	354785
15048	355976
15069	356871
15062	357513
15045	358633
15041	358445
15019	359149
