14875	403849
29877	815622
44899	1228233
60108	1634765
75105	2045869
90106	2458233
105053	2872342
120014	3286408
135076	3698302
150107	4111323
165166	4523341
180211	4935798
195230	5348745
210315	5760329
225387	6172270
240500	6582367
255558	6993734
271327	7386805
288403	7742317
305215	8100094
306950	8056617
308409	8000975
309499	7948163
310706	7899320
311450	7848814
312111	7792637
312414	7737406
312154	7690582
312099	7638592
311717	7586126
311344	7530604
310620	7476952
309489	7426152
308315	7373001
306828	7321092
305167	7271236
303281	7218661
301900	7184591
302071	7188050
302269	7186690
302215	7185037
302341	7188625
302392	7186708
302535	7187226
302554	7183823
302713	7186174
302787	7185181
302345	7178727
300258	7226770
298194	7277956
296536	7334635
295015	7388361
293595	7439450
292573	7494002
291798	7544733
291108	7598284
290745	7652953
290606	7707381
290827	7758095
291256	7813355
291769	7866887
292518	7917932
293434	7973471
294581	8027126
295987	8081647
297587	8132670
300458	8155252
304093	8153915
306009	8103214
307527	8049535
308830	7994190
309977	7938751
310988	7880744
311609	7826999
312023	7778722
312137	7726401
312076	7673860
311949	7618426
311862	7563526
