5207	127778
9930	266129
14875	403849
19865	541202
24873	678096
29876	815622
34858	953768
39868	1091541
44900	1228233
49932	1365001
54929	1502295
60108	1634765
60410	1643836
60329	1643103
60303	1642020
60262	1642225
60236	1643024
60223	1642611
60162	1641916
60092	1642242
60038	1644109
60039	1644475
59969	1645963
60101	1651643
60154	1651765
60203	1650341
60197	1652433
60188	1652901
60177	1653167
60229	1653090
60245	1653274
60270	1652070
60236	1650999
60317	1649823
60245	1649224
60188	1649390
60210	1649672
60277	1650392
60186	1650443
60148	1650525
60165	1649104
60206	1649006
60233	1647979
60255	1648561
60236	1648929
60332	1649212
60332	1647539
60280	1646569
60281	1646336
60306	1645856
60208	1644989
60141	1644766
60238	1643236
60842	1626476
61396	1609068
61865	1589930
62198	1570047
62399	1553775
62580	1534895
62492	1517727
62293	1500995
61989	1485065
61541	1466732
60992	1447554
60414	1431375
60399	1429792
60407	1429915
60432	1431317
60423	1434079
60407	1433902
60571	1433922
60524	1433991
60435	1434297
60342	1434535
60337	1434217
60439	1433204
60475	1433537
60514	1434273
60554	1433273
60518	1434067
60447	1433352
60130	1440821
60256	1442687
60242	1442905
60221	1442640
60221	1441623
60289	1442211
60435	1443945
60486	1444638
60501	1446579
60668	1446998
60758	1444903
60827	1444197
60522	1437103
60576	1436462
60530	1435760
60487	1435497
60372	1438165
60385	1438003
60444	1437376
60397	1438005
60345	1435881
60408	1436207
60407	1439016
60437	1439417
60435	1438989
60434	1441070
60472	1440853
60475	1440717
60406	1437379
60421	1437498
60486	1438380
60468	1437261
60473	1438066
60522	1438336
60483	1436563
60471	1437005
60524	1435831
60522	1432994
60497	1433181
60467	1432665
60472	1433439
60460	1433108
60422	1433662
60436	1433782
60394	1433826
60433	1433320
60414	1433843
60390	1432737
60427	1433608
60489	1435026
60506	1434527
60536	1433714
60499	1433672
60521	1433003
60494	1431714
60454	1432395
60418	1431822
60374	1434024
60420	1431412
60421	1431825
60429	1431139
60301	1433329
60283	1434406
59764	1449255
59169	1466950
58752	1485158
58444	1503867
58262	1519813
58171	1538361
58148	1554810
58395	1575215
58660	1593651
59075	1612219
59486	1627603
60000	1645394
60126	1650229
60103	1650951
60154	1650683
60124	1651375
60165	1653639
60208	1651927
60220	1651710
60220	1651498
60273	1649515
60261	1650269
60276	1650866
60241	1650776
60212	1650583
60158	1650426
60196	1651001
60205	1649254
60145	1649431
60178	1651445
60220	1650881
60267	1649740
60364	1650367
60330	1649851
60323	1649574
60310	1648252
60294	1647116
60242	1646622
60202	1647042
60213	1647981
60204	1645846
60164	1644377
60188	1644643
60164	1646698
60163	1648113
60124	1648459
60124	1648230
60185	1648298
60201	1648919
60218	1648167
60201	1647763
60207	1647048
60281	1646703
60310	1646560
60367	1645364
60721	1632697
61270	1613606
61703	1595541
62007	1578537
62262	1561195
62340	1544336
62370	1526968
62348	1506725
62146	1488608
61799	1472323
61302	1455226
60740	1438469
60451	1432316
60483	1432589
60469	1432141
60495	1429200
60427	1430230
60361	1428698
60416	1426775
60528	1428213
60496	1429529
60451	1429024
60391	1429391
60345	1430487
60167	1434297
60228	1434047
60207	1434684
60249	1438932
60215	1438426
60215	1439547
60304	1442767
60393	1444117
60468	1442974
60531	1443171
60580	1442872
60682	1440326
60580	1435240
60645	1435171
60575	1436370
