14913	483748
29918	969361
45010	1451757
59970	1937512
74920	2424005
89860	2912146
104861	3398423
119896	3883194
134894	4369288
149857	4856586
164855	5343114
179945	5826188
194889	6314436
209888	6800902
224925	7286241
239973	7770666
254934	8257830
270006	8741838
285067	9225768
300013	9713232
315034	10198805
330106	10682178
345126	11167444
360119	11653191
375125	12138941
390164	12623592
405161	13109572
420215	13593559
435186	14080154
450172	14566416
465181	15051614
480264	15534474
495251	16020268
500175	16189133
500272	16188758
500253	16189620
500323	16190077
500375	16188176
500319	16185329
500320	16184323
500331	16185056
500302	16185042
500365	16180866
500283	16178955
500323	16180064
500217	16179710
500268	16175396
500309	16174154
500363	16173577
500331	16172702
500423	16168657
500464	16168261
500500	16166678
500423	16161858
500522	16164206
500536	16164955
500549	16161782
500570	16155967
500704	16158786
500677	16156001
500721	16152613
500778	16151580
500765	16145849
500716	16146269
500690	16147518
500625	16148702
500511	16142459
500545	16138193
500555	16134432
500616	16129786
500442	16136159
500419	16132323
500461	16130159
500473	16127069
500473	16124811
500378	16127159
500198	16129744
500109	16129604
500067	16126210
