5934	190943
11910	386320
17930	580574
23951	774157
29918	969361
35973	1161931
41938	1357053
47989	1549276
53985	1743201
59970	1937512
65977	2131233
71917	2327125
77898	2522020
83883	2717023
89860	2912146
90003	2914601
89921	2914799
89956	2913766
89982	2914296
89937	2913833
89993	2915546
89955	2915217
90010	2917975
90048	2918223
90034	2919074
90087	2919312
90038	2918260
90040	2917446
90069	2915471
90061	2914042
90050	2916718
90001	2915934
90004	2918364
90039	2918302
90041	2917708
90075	2917154
90062	2916857
90081	2915404
90107	2914941
90074	2914080
90069	2914849
90036	2914519
90032	2915266
90091	2915941
90142	2915650
90072	2914283
90076	2913091
90098	2909522
90060	2910494
89997	2912330
89960	2914826
89964	2914223
90049	2912993
90111	2911981
90113	2911512
90082	2911021
90072	2910406
90061	2909523
90037	2910804
90061	2911353
89997	2912213
89989	2913796
90165	2912594
90162	2910898
90055	2910360
89998	2907949
89959	2909170
90019	2910474
90048	2912362
90093	2911381
90079	2911501
90093	2911407
90057	2913242
90024	2912416
90009	2913225
89987	2910931
89916	2910718
90039	2913376
90109	2912661
90088	2910882
90108	2910899
90053	2910566
90018	2912245
89921	2914595
89947	2917118
89965	2916704
90032	2916114
90019	2914088
89978	2915400
89974	2914676
90020	2915047
90002	2914410
90075	2913562
90142	2914551
90157	2915348
90153	2916785
90170	2915695
90167	2913848
90086	2910945
90048	2909700
90049	2909904
90054	2911403
90060	2912031
90037	2909791
89995	2910862
90057	2909615
90063	2908385
90124	2908911
90103	2910066
90069	2910140
90034	2908475
90024	2909478
90014	2910830
89999	2911230
89994	2911446
90015	2910957
90027	2909006
90037	2908192
90085	2908165
90062	2906513
90088	2908360
90155	2907759
90190	2908152
90147	2907609
90096	2907591
90152	2906117
90130	2904737
90113	2902965
90052	2903138
90054	2901771
90060	2901130
90050	2902731
90080	2901884
90097	2901894
90075	2902460
90035	2901867
90038	2904107
90050	2904028
90043	2903006
89967	2902933
90015	2904271
90029	2904006
90086	2903229
90097	2900883
90118	2901533
90122	2901986
90089	2900983
90113	2901708
90120	2902066
90076	2902050
90081	2901444
90045	2899628
90050	2899247
90045	2899726
90022	2897906
90016	2897640
90030	2897205
90062	2897877
90061	2900019
90038	2900611
89997	2901500
89971	2902379
89929	2903756
89888	2905111
89902	2904154
89960	2903535
89967	2904544
90015	2904030
90024	2903703
90093	2903346
90149	2902365
90195	2902759
90220	2903155
90234	2900713
90245	2898483
90193	2897514
90011	2901572
89944	2900965
89927	2898439
89912	2899499
89933	2900563
89916	2899817
89973	2899523
89994	2898673
90041	2899400
90062	2901147
90100	2900917
90117	2900351
90106	2903623
90132	2905968
90121	2906731
89869	2905653
89872	2904742
89894	2906836
89881	2906609
89880	2907201
89941	2906626
90008	2907505
90066	2908311
