9910	321544
19943	644938
29918	969361
39963	1291472
50018	1612901
59970	1937512
69942	2261646
79889	2587098
89860	2912146
99871	3236054
109944	3557658
119896	3883194
129904	4206912
139879	4531828
149857	4856586
149929	4859463
149962	4859349
150006	4856827
150008	4860641
150070	4864571
150084	4863390
150112	4862667
150123	4859881
150096	4858520
150092	4858797
150157	4861337
150150	4858644
150166	4858421
150222	4854275
150083	4856646
150011	4858062
150124	4855183
150203	4855990
150146	4853418
150074	4852227
150068	4852289
150001	4854847
150140	4852743
150120	4852926
150105	4852125
150047	4852485
150116	4851721
150117	4851479
150136	4856550
150015	4853184
149951	4850400
150049	4853144
150117	4852296
150099	4852898
150002	4854445
149924	4857486
149879	4854385
149998	4857271
149983	4857500
150016	4857459
150044	4854857
150104	4856263
150110	4857495
150084	4854666
150101	4853961
150125	4854600
150126	4855245
150171	4857480
150251	4854601
150212	4851210
150072	4849285
150071	4850090
150052	4850651
149992	4850731
150015	4849947
150099	4850502
150147	4848645
150114	4846972
150150	4846218
150120	4847176
150172	4844465
150147	4843359
150140	4841640
150224	4842770
150242	4843245
150189	4840965
150130	4840833
150086	4839787
150015	4838663
150046	4837601
150087	4836288
150143	4836660
150112	4836450
150109	4837026
150042	4835424
150123	4835608
150107	4835364
150135	4834798
150172	4833696
150149	4833171
150098	4834811
150004	4835175
149946	4835896
149887	4836645
149943	4836759
149994	4837470
150067	4836611
150105	4834972
150105	4833920
150162	4831244
150069	4835929
150033	4837474
150058	4838238
150119	4839045
150159	4838648
150170	4835400
150133	4833474
150071	4832199
149941	4833058
149841	4837670
149846	4838927
149868	4841501
149936	4843276
149996	4843506
