7417	240019
14912	483748
22442	725870
29918	969361
37467	1210495
45010	1451757
52510	1693862
59970	1937512
67457	2180331
74920	2424005
82390	2668112
89860	2912146
97384	3154607
104861	3398423
105009	3399316
104945	3399446
104973	3400196
104941	3399927
104974	3402511
105010	3404829
105071	3405333
105040	3405602
105110	3404030
105125	3402183
105063	3402260
105007	3402290
105012	3403778
105001	3402479
105107	3403490
105079	3403047
105144	3401203
105120	3401378
105105	3400300
105029	3401244
105071	3400785
105064	3398724
105096	3400453
105191	3399580
105145	3397950
105043	3398796
104952	3399655
105021	3397903
105086	3397386
105081	3395937
105114	3398146
105115	3396778
105102	3396947
105025	3395361
105024	3396644
105066	3397103
105098	3395207
105121	3397824
105147	3397487
105035	3396340
104951	3394376
105047	3394754
105086	3395763
105052	3397976
105039	3397375
105036	3398972
105059	3397874
105017	3398423
105033	3396032
105058	3395533
105097	3397364
105062	3396676
104966	3400872
104907	3401105
104928	3400603
105029	3401257
105023	3402400
104995	3400938
105013	3400916
105007	3399537
105097	3398841
105066	3398208
105086	3401307
105181	3400658
105192	3400476
105206	3400109
105082	3396637
105034	3395311
105032	3395899
105046	3397138
105073	3394457
105077	3393248
105065	3393003
105040	3394009
105072	3395716
105067	3395247
104960	3395037
104999	3396691
105008	3396320
105096	3394020
105095	3393305
105103	3392479
105069	3392114
105072	3390544
105118	3391872
105118	3393213
105156	3391917
105173	3389162
105149	3388903
105154	3388525
105102	3385940
105060	3385329
105057	3384321
105087	3386530
105035	3387310
105061	3386995
105007	3387440
105020	3387988
105024	3387488
105001	3385963
105092	3384469
105128	3386003
105102	3385450
105094	3385544
105121	3385441
105076	3385825
105124	3385410
105117	3384220
105065	3383255
105084	3382930
105050	3381263
105059	3379840
105005	3380909
104981	3382222
105006	3385562
104993	3385973
104921	3387877
104920	3387993
104968	3387969
104952	3387040
105024	3386958
105076	3386591
105134	3384631
105140	3385441
105195	3384453
105278	3383895
105188	3384330
105029	3388206
105058	3385450
105022	3385530
104957	3383156
104963	3381804
105011	3381106
104999	3381121
104994	3382764
105071	3382191
105083	3384905
105027	3386356
105011	3389994
105028	3393861
104994	3393233
104850	3389295
104933	3391028
104965	3389246
104986	3389987
