4941	158544
9909	321544
14912	483748
19943	644938
24964	806058
29917	969361
34956	1130140
39962	1291472
45010	1451757
50018	1612901
54973	1775876
59970	1937512
60096	1939910
60002	1940102
59955	1940257
59939	1942160
59941	1943745
59882	1942785
59950	1943015
59937	1944582
59984	1946666
60105	1944757
60042	1945056
60058	1945682
60095	1946961
60082	1945266
60061	1945283
60017	1944730
60012	1943671
59962	1944440
60019	1945022
59974	1944953
59956	1944691
60071	1946629
60074	1944073
60088	1942994
60045	1943981
60048	1945201
60034	1945148
60000	1945644
60031	1945527
60002	1944316
60048	1943920
60005	1943306
60006	1943127
60063	1942692
60094	1943916
60125	1944478
60066	1943841
60051	1942738
60007	1943394
59999	1941523
60020	1941466
60026	1940936
60036	1941828
60031	1941020
60071	1939527
60138	1939124
60046	1941553
60025	1942566
59958	1943380
59961	1944218
59991	1940975
60048	1940475
60054	1940789
60084	1940340
60072	1939672
60082	1940198
60118	1941676
60148	1943596
60061	1941260
60033	1939959
59938	1939772
59880	1940091
60000	1940136
60066	1940252
60094	1939096
60065	1941414
60091	1941342
60076	1941445
60051	1942128
60026	1941781
60042	1940800
60071	1940368
59998	1939638
59977	1937652
59977	1941213
60002	1942931
60037	1944125
59998	1942824
60045	1942443
60033	1942493
59996	1942042
60013	1941134
60057	1941048
60111	1940915
60087	1940122
60097	1941617
60048	1940114
59959	1941491
59916	1943081
59887	1944261
59931	1945056
59964	1944076
59982	1943202
60004	1944379
60024	1945819
60076	1946618
60110	1946464
60116	1946006
60145	1945685
60131	1942193
60083	1940227
60029	1939145
60000	1940040
60027	1940762
60078	1940316
60056	1940326
60033	1939375
60030	1939285
60031	1939535
60015	1939634
60005	1940035
60041	1941522
60073	1941333
60022	1942132
60040	1939803
60061	1938723
60088	1939208
60088	1938035
60046	1939562
60046	1939585
60063	1938717
60018	1939566
60013	1939081
59965	1939785
59974	1940548
59921	1939869
59973	1941243
60034	1941352
60110	1940057
60118	1941485
60127	1938472
60131	1938505
60140	1939137
60110	1937644
60122	1937429
60087	1935893
60024	1936271
59983	1935730
60012	1933830
60024	1934152
60082	1934727
60026	1934379
60068	1935728
60075	1935127
60068	1934755
60070	1934521
60065	1934654
60072	1935062
60047	1933274
60003	1933374
60044	1934653
60009	1935934
60041	1936338
60005	1936213
60026	1935731
60010	1936892
60010	1937233
60068	1936183
60052	1936364
60098	1934528
60152	1934248
60127	1934200
60125	1934308
60067	1933261
60060	1933676
60028	1933132
60044	1933004
59978	1932491
59964	1932060
60024	1932159
60000	1931631
60028	1933455
60063	1934202
60069	1933265
60070	1933027
60083	1931767
60074	1931188
60044	1931207
60024	1932424
59977	1932761
59955	1933387
59958	1935501
59964	1935953
59930	1936745
59903	1938345
59948	1938739
60016	1937806
60056	1939246
60089	1939691
60129	1938827
60145	1937568
60160	1936000
60179	1934516
60159	1933058
60145	1932733
60107	1931156
60081	1928094
60075	1927090
60078	1928025
59922	1931329
59828	1933927
59889	1933459
59923	1933338
59925	1934892
59975	1935592
59997	1935840
60039	1935102
60054	1935935
60150	1936109
60204	1936917
60205	1937590
60126	1933046
60044	1929985
60044	1931470
59992	1934111
59955	1933559
59951	1934079
59855	1937871
59890	1939147
59897	1939106
59953	1941146
59981	1942101
59998	1942120
60073	1942860
60171	1941947
60167	1942463
60124	1940976
