961	29980
1953	61923
2947	94117
3943	126440
4941	158544
5933	190943
6914	223857
7908	256535
8904	289138
9909	321544
10914	353739
11909	386320
12897	419277
13904	451489
14912	483748
14991	486202
15036	485869
15029	486457
15037	486432
15060	486394
15067	486144
15053	485550
15028	485720
15036	485019
15044	484514
15035	484955
15009	485186
14974	485046
14971	485313
14970	485613
14964	485758
14997	486346
14984	485960
15012	485139
15027	485202
15051	484844
15046	484987
15017	484828
15047	484690
15052	485414
15035	485504
15005	485547
15016	484147
15034	483091
15035	482396
15021	482053
15008	482366
14982	482742
15042	482266
15029	482761
15028	483654
15011	483496
14991	483297
14990	484354
14966	484404
14981	483111
14949	482786
14961	483966
14973	485204
14990	485755
15019	485176
15009	485110
14998	484570
15040	485926
15038	485553
15017	485648
15009	485973
15009	485876
14983	485879
14969	485770
14992	486974
14981	487286
14978	487097
14991	486209
14982	486493
14999	487615
14993	487919
15004	488174
15001	488683
15024	488644
15021	488449
15018	488365
15031	488211
15025	487943
15015	488157
15009	488048
15008	487392
15008	487582
15013	488949
15025	488141
15020	487777
15042	486650
15051	486340
15033	485955
15044	486057
15041	485862
15021	486137
15024	486321
15023	486159
14997	486251
14979	486454
14989	486602
14990	486349
14951	486143
14976	486277
14982	486048
15015	486598
15051	485980
15057	485495
15092	484503
15086	484647
15051	484730
15046	484773
15027	485271
15004	484878
14964	485342
14978	484934
14975	484946
14951	484476
14961	484771
14976	484545
14976	484690
14996	485803
14996	486537
15031	487757
15044	487286
15042	486402
15035	486684
15022	486069
15018	485980
14987	485420
14991	486217
14999	486134
15009	485577
14995	486094
15012	486522
15009	486963
14990	487108
14987	486583
14983	486413
14996	486760
15013	487155
15005	486905
15017	486902
15027	486562
15029	486002
15009	486166
14997	486927
15006	487752
14996	487298
15000	487366
14996	486948
14994	486325
15012	486076
15010	486349
15013	486308
15026	485933
15006	486488
15012	486638
15011	487533
15020	487942
15029	486949
15013	486248
14971	486989
14989	486528
14992	486436
14995	486539
15027	485890
15047	486166
15036	486110
15060	485271
15077	485364
15059	484627
15059	484432
15030	483998
15033	483379
15039	483868
15046	483516
14992	482641
14999	483074
14980	483433
14964	483517
14970	484762
14965	485195
14951	485109
14961	486446
14980	486361
14991	486322
14984	486885
14975	487108
14990	487829
14997	487800
15016	488365
15029	487878
15028	488248
15026	488013
15018	488375
15001	488476
14986	488731
15013	488076
14999	487737
15025	487787
15045	487627
15033	487376
15031	486888
15036	486444
15029	486803
15029	486566
15058	486404
15038	486466
15026	486845
15034	485818
15024	485006
15019	483993
15030	484625
15015	484632
15020	484787
15031	484745
15026	484375
14999	485312
15011	485373
14994	485271
15003	485210
15010	485770
14999	485339
14994	484472
15014	484771
15022	484945
15042	485203
15044	484882
15042	484551
15044	484465
15054	484480
15039	485235
15003	484608
15027	484010
15010	483815
15002	484264
14983	484303
14979	484425
14978	485002
14983	485259
14982	485411
14984	485809
14984	486258
15002	486212
15030	485796
15029	486430
15024	485614
15002	485930
15037	486378
15022	486962
14997	487305
14990	487536
15003	487164
14986	487541
15007	487072
15023	486666
15032	486117
15026	485758
15032	486096
15050	486825
15058	486058
15064	486456
15060	485616
15065	485935
15042	485327
15030	484313
15019	483656
15018	484008
15002	483112
14980	484382
14988	484817
15000	485037
15008	484930
14993	485055
15011	484189
15009	484988
15011	484555
15024	484866
15018	484865
15012	484913
15040	484746
15057	484615
15070	483930
15088	483818
15056	482781
15040	482677
15046	482295
15049	482178
15024	481992
15010	483635
14969	483850
14971	484259
14944	485141
14928	485547
14925	485480
14938	486207
14972	485946
14968	487464
14989	488151
14994	488763
14999	489206
15013	490164
15042	490514
15048	490920
15032	490272
15047	489167
15055	489243
15034	488595
15032	488105
15050	487726
15068	487030
15112	487120
15105	485573
15101	485255
15069	485369
15078	484216
15076	483084
15075	482853
15045	482456
15036	481760
15029	482462
15027	481854
14986	482187
14997	481535
14991	481866
14979	482824
14994	483015
15013	483373
15005	483436
14973	483093
14992	483668
15007	484347
15020	484127
15004	484502
14997	485579
14993	485219
15020	485294
15022	484275
15048	484686
15033	485094
15026	484345
15033	484670
15031	485266
15025	485270
15016	485091
15031	484939
15006	485651
15018	486102
15024	485184
14998	484664
14995	484876
14988	485599
15003	486203
15017	486413
15031	485361
15036	485724
15034	485997
15023	485747
14994	486615
15000	486706
15013	487215
14987	486787
14992	486690
15018	487159
15039	486460
15028	486869
14995	487288
14993	487426
15016	487226
15036	488269
15072	487197
15080	486558
15101	485750
15097	484102
15096	483918
15093	483350
15072	483114
15064	483333
15051	483352
15066	483772
15058	482795
15027	481620
15005	481192
14981	482117
14966	481460
14978	482505
14966	483262
14959	484651
14990	485228
14993	485359
15015	485419
15016	485357
15014	485217
15008	485296
15023	485179
15044	485446
15037	486359
15043	486624
15030	486085
15017	487120
15014	487247
15007	486859
14995	485980
15006	486174
15012	485898
15035	485883
15026	486185
15020	486541
15022	486485
15037	486726
15060	486657
15045	486202
15061	485558
15076	485008
15049	484458
15049	483878
15061	483237
15042	483987
15029	484248
15011	485050
15026	485157
14999	485335
14999	484547
15006	484025
15019	483444
15024	483766
15014	483597
15020	484278
15025	484914
15018	484739
15015	485578
15031	486530
14999	486595
15014	485786
14980	485831
14985	486218
14957	486192
14975	486626
15003	486773
15023	487496
15052	486768
15041	487350
15030	487665
15034	487503
15045	487522
15044	486905
15041	486684
15016	486262
15061	486068
15059	484983
15032	485593
15023	484979
15027	484729
15040	485000
15030	485028
15069	485220
15035	485166
15009	484992
14999	485229
14992	485419
14986	485924
14981	485992
14996	485198
15008	486296
15039	486296
15026	485106
15043	484839
15045	485232
15061	484843
15063	484404
15071	484995
15075	483987
15051	484113
15025	484147
15018	483783
15005	483214
15002	482710
15026	482860
15013	482135
15002	482946
15016	483209
15028	483485
15006	483535
15018	483773
15008	484457
14998	484501
15001	485428
14993	484847
14983	484472
14984	484645
14984	484869
14994	485173
15012	485794
15006	486748
14985	486746
14997	486962
14991	487815
14982	487995
14978	488846
14956	489358
14972	489317
14973	489067
14998	489129
15033	488623
15046	488683
15039	489370
15059	489433
15041	490409
15046	489639
15063	488975
15060	489400
15050	488830
15052	488294
15041	487469
15029	486432
15027	486517
15034	486067
15042	485987
15078	486220
15083	486062
15065	485205
15064	485331
15027	484139
15034	484065
15051	484108
15023	483818
15011	483733
14983	484555
14981	484806
14975	485388
14955	485629
14972	485685
14979	485856
14980	486695
14999	486395
15011	486454
15023	485950
15023	486276
15055	485833
15073	485948
15090	485076
15077	485481
15029	485620
15033	485310
15016	485109
14985	485294
15008	484967
15004	485034
14997	484237
14996	484842
15003	484705
15011	485146
15004	484861
15029	485450
15051	484988
15089	485097
15077	484452
15047	483724
15051	483748
15046	483225
15018	482672
15025	483337
15009	483350
15016	483595
14996	483416
14990	483786
14982	483800
14973	483869
14955	484565
14958	485709
14986	486035
14989	486365
14999	486141
15004	486606
15012	487282
15017	487316
15031	487036
15046	486522
15080	485676
15060	486297
15059	486069
15068	485679
15078	485310
15058	484619
15046	483794
15037	484422
15008	485006
15021	484841
15023	484172
15005	483813
14983	484263
15005	483853
15008	484469
15043	485170
15022	484372
15008	484814
15010	485205
15030	485245
15031	485392
15038	485677
15021	485518
14988	485251
15019	484829
15030	485262
15032	485136
14999	485072
15018	485709
15021	485293
15027	485614
15017	486081
15005	485929
15010	485565
15025	485611
15019	485701
15024	485639
15003	485883
15007	485026
15031	485711
15042	485497
15036	485955
15037	485091
15042	484889
15056	485049
15037	485377
15023	484898
15011	484782
15007	485332
15002	485966
15017	485296
15021	485258
15001	484827
15024	484948
15043	484422
15054	484330
15038	483992
15053	484213
15064	484150
15073	483912
15053	483392
15051	483321
15030	483608
15000	483776
15005	482386
15031	482396
15027	482222
15011	482226
15012	482442
15019	483073
15024	483109
14991	483878
15002	483630
14989	484429
14983	485308
14996	485001
14993	485401
14992	484696
14972	484312
14991	485622
15021	485841
15036	486004
15043	485649
15053	485693
15054	485511
15054	486105
15018	485818
15036	486020
15012	485658
14994	485297
15006	485814
15011	485405
15029	485521
15046	484945
15018	485107
15026	485331
15030	485505
15007	486727
15023	486408
15023	486779
15012	486587
14988	486422
14987	487055
15001	486395
15006	486031
14993	486442
15010	486564
15028	486609
15049	487238
15043	486754
15052	486711
15051	486871
15041	485380
15041	486136
15038	485880
15048	485329
15026	485248
15025	484422
15043	484624
15045	484716
15031	484030
15047	483417
15050	483685
15050	483331
15066	482574
15057	482716
15044	482431
15037	483383
15021	482845
14994	483315
15005	483486
15001	482701
15012	482882
15018	482909
15025	482428
15021	482682
15042	483006
15011	483554
15027	483309
15044	484070
15047	483803
15049	483580
15012	483670
15007	483813
14990	483163
14977	483744
14983	484509
15005	484167
15022	484036
15038	484469
15061	483480
15068	483966
15047	483082
15050	483710
15034	484031
15044	484024
15061	483909
15040	483343
15025	483537
15023	483535
15009	482932
14989	482842
14991	483712
15001	483987
14982	484658
15020	485202
14998	485584
15005	485805
15030	484770
14999	485055
15013	484997
15035	485149
15061	484599
15067	483956
15076	483817
15078	484039
15047	484599
15058	483570
15066	483396
15047	482597
15057	482493
15019	482200
15011	481954
15029	482834
15019	481571
15020	481635
15010	482025
15023	482590
15027	482965
15019	483864
15034	483205
15000	482479
14995	483923
14999	484186
15015	484004
15015	484804
15006	484575
15013	484619
15016	484401
15055	484470
15046	485135
15042	484775
15060	484549
15050	484836
15048	483539
15077	483724
15060	483885
15045	482805
15029	483115
15045	483262
15021	483048
15002	483400
15016	483098
15031	482838
15038	483558
15033	482682
15019	483220
15036	483133
15018	483039
15026	483842
15055	483643
15043	483491
15038	484151
15049	483174
15047	483411
15054	482527
15017	482704
15012	483637
15013	484354
15011	483775
15020	484285
15008	483718
15017	483905
15017	483561
15011	483408
15017	484324
15007	484666
14980	484897
15002	485661
15018	485257
15029	486421
15026	485644
15029	484975
15034	484183
15046	484535
15038	484646
15050	484664
15043	485252
15066	484801
15051	485424
15028	485609
15024	485163
15028	483882
15032	483474
15041	483801
15002	484038
15009	484069
15030	483739
15024	484951
15024	485024
15023	484782
15028	484996
15013	484687
15043	485005
15018	484559
15012	483766
15016	483714
15038	484402
15070	483991
15082	483714
15046	483187
15036	483614
15052	484215
15044	482908
15028	483030
15041	482421
15039	482172
15036	481703
15042	481632
15037	481137
15041	481207
15043	481095
15036	480922
15050	481468
15061	481476
15041	481327
15006	481362
14971	482103
14988	482436
14992	481611
15000	482058
14990	482466
14986	482904
14985	483464
15010	483188
15013	483437
15020	483558
15037	483304
15029	483677
15027	484270
15043	483630
15024	483590
14991	483017
15003	482991
15014	484011
15033	483761
15026	483495
15020	483257
14998	483500
15014	484248
15024	483886
15033	483679
15051	483903
15033	483795
15019	483544
15038	483996
15031	483605
15007	483798
15011	484092
14994	483839
15018	483974
15029	483673
15022	484025
15010	483457
14998	483487
15016	483539
15028	483519
15052	483121
15036	483215
15042	482869
15048	482816
15032	483388
15018	482833
15017	482637
15016	482170
15025	482288
15026	482812
15008	482671
15008	482770
14995	482532
15001	482798
15014	482826
15010	484008
15008	483580
15025	483519
15033	483546
15004	483489
14993	484056
15015	483656
15047	483245
15049	483334
15042	483129
15021	483448
15042	482742
15037	482760
15034	482773
15043	482868
15029	481847
15028	482035
15046	481835
15047	481801
15012	481771
14984	481435
15008	481440
15031	481934
15006	482545
15016	482079
14993	481572
15015	482124
15001	482428
14996	482363
14980	482936
14972	483954
14981	483717
15000	484201
15011	484335
14986	484511
14977	484695
14994	485443
15014	485412
15016	484339
15020	485168
15019	485462
15033	485520
15018	485667
15016	486141
14999	486199
14998	485347
15001	485853
15012	485946
15020	486031
15009	485615
15009	485290
15006	485259
15029	485362
15046	485946
15019	486259
15000	486578
15014	486733
15026	485890
15019	485432
15006	485155
14974	487165
14981	486711
15003	486363
15015	486197
15014	486294
15045	485777
15059	485452
15059	486031
15072	485613
15065	484562
15056	483629
15062	483360
15074	483821
15072	484028
15054	484353
14976	483210
14975	483327
15015	482736
15023	482624
14990	482864
15019	482885
15021	482973
14993	482886
15006	483026
15022	483233
15041	483341
15047	483496
15045	483449
15039	483319
15034	482474
14997	482181
14992	482060
15031	482523
15049	482319
15007	482410
15028	482580
15029	482494
15023	481721
15049	481074
15038	481462
15046	481556
15046	481287
15034	481356
15026	481082
15031	481365
15012	481022
15004	481088
15012	481436
15026	481614
14998	481065
15011	480820
15000	481038
14988	482095
15012	482973
14999	482868
15015	482589
15015	483069
15025	482530
15037	482470
15039	482146
15040	482006
15047	481674
15051	481399
15067	481187
15053	481146
15074	481315
15063	481131
15032	480388
15013	480536
14991	480552
15020	480068
14984	480306
14991	480690
14983	481183
14971	482052
14924	483828
14904	485367
14921	485971
14920	487466
14925	487793
14945	488691
14968	488836
14968	489723
14998	489146
15027	488609
15073	489782
15085	489243
15122	488883
15144	488547
15151	487972
15122	485985
15090	484923
15090	484532
15053	483709
15046	483223
15003	483516
14999	483680
14978	482686
14984	483139
15014	482923
15011	482537
15017	482532
15008	483489
15003	483962
15019	483600
15043	483650
15031	483991
15039	483938
15027	483971
15034	484180
15012	483329
15022	482477
15040	482305
15036	482037
15054	482551
15047	482991
15040	483337
15022	482873
15031	481698
15050	481734
15062	481643
15029	481630
15032	481668
14998	481947
14994	481906
14999	481671
15016	482251
15040	482203
15043	482396
15044	482360
15021	482140
15003	482043
14985	482345
15001	483287
15010	483791
15016	484333
15027	483361
15053	482908
15040	482165
15019	482669
15038	482535
15025	483019
15058	482791
15054	482665
15062	482568
15043	482833
15022	483186
15008	482763
14978	483365
14981	483058
14960	483257
14967	484351
14976	485597
15015	485054
15005	484545
15020	485155
15003	485230
15023	486260
15047	486036
15053	486560
15045	486629
15054	485628
15055	486098
15025	485872
15020	486866
14977	488106
14978	487668
14954	487698
14968	489362
14997	489130
15037	488278
15041	487724
15031	487893
15054	488529
15077	487755
15073	487612
15108	487980
15103	487900
15100	487766
15084	487258
15058	485405
15046	485835
15040	484943
14999	484618
15009	484807
15048	485143
15061	485048
15031	485157
15022	485117
15034	485841
15042	485397
15036	486105
15050	485359
15042	485213
15045	484753
15081	484334
15058	484046
15056	484622
15056	483616
15058	483569
15076	483700
15098	483326
15073	482637
15038	483084
15031	482660
15033	482894
14998	482710
15008	483106
15001	482923
15018	482581
15040	483304
15032	483050
14987	483713
15010	484040
15014	484147
15012	484738
15036	485280
