2446	78109
4941	158544
7416	240019
9909	321544
12405	402755
14912	483748
17434	564269
19943	644938
22442	725870
24964	806058
27432	887901
29917	969361
30017	972090
30069	971596
30062	970476
30035	969928
30012	969951
30055	968009
30051	968638
30070	967963
30058	967992
30036	969818
30024	967998
29967	968151
29972	967574
29996	968314
29970	969836
29949	970174
29905	970693
29974	972248
29953	972967
29987	974197
29999	974250
29960	973927
30007	974791
29989	974634
30044	974813
30083	974701
30053	974276
30042	974408
30012	974064
30034	974418
30034	972935
30091	970560
30065	971223
30022	971129
30019	971410
29995	971048
30014	971539
30021	972260
30017	971459
30002	970858
29974	970809
29964	970865
29963	972047
30033	974170
30018	973671
30020	972542
29997	972972
29983	973392
29996	973397
30004	972762
30021	973129
30011	974095
30031	973065
30013	973826
30024	972643
30031	972459
30056	971355
30079	971531
30088	969845
30052	969602
30031	970239
30018	971219
30015	971177
29968	971106
29975	972073
29947	971322
29947	972531
29948	973185
29984	974024
30012	973996
30060	974893
30064	974714
30067	974048
30079	972701
30084	972453
30043	972200
30040	971920
30046	971805
30039	970767
30039	969507
30049	968884
30024	969920
30033	969532
30005	969764
30002	969728
29994	971140
30025	970481
29982	970538
29950	971250
29951	971589
29974	971908
30023	972016
30052	972711
30046	971546
30070	971935
30072	971172
30042	972031
30032	970688
30059	971508
30056	970482
30018	969633
30045	967938
30061	967094
30078	967108
30018	968342
29984	970007
29966	970666
29970	971394
29921	971547
29924	972692
29921	973226
29946	973736
29987	972793
30075	973037
30119	973816
30182	973367
30153	971889
30112	970782
30109	969385
30093	968946
30047	968217
30028	966980
29968	967375
29974	966462
29987	967313
30003	968639
29992	968626
30001	970229
30013	970042
29990	970478
30039	970412
30019	971013
29983	971767
29996	972792
30000	971209
29983	973629
30020	973205
30071	971497
30114	970581
30093	970023
30118	969768
30107	968618
30112	970032
30058	970401
30032	969034
30014	968550
30025	969185
29945	967816
29908	969648
29959	970631
30007	971339
29996	971758
30014	972395
30066	972182
30082	970968
30052	969967
30034	971339
30051	971088
30082	970165
30070	969836
30023	968606
29985	970582
29990	971058
29959	971173
29979	970374
29977	971943
30003	972853
30017	972857
30007	971419
30028	971355
30067	972153
30062	972657
30054	973153
30022	971460
30042	970841
30034	969961
30077	969866
30046	969105
30029	968971
30053	968058
30050	968557
30056	968767
30042	969258
30015	968960
29983	968419
29977	968654
29947	970139
29925	971530
29910	974025
29930	973976
29948	973795
29959	976203
29990	976101
30024	976289
30053	975634
30081	975116
30123	974402
30141	974548
30144	972796
30082	972849
30021	971693
30015	971843
30027	971924
29989	970415
30028	969171
29984	970175
29990	970687
30006	970890
30034	971420
30040	971137
30097	970948
30077	969344
30061	968594
30039	968384
30019	968569
30009	968730
30011	971145
29988	969865
29968	970257
29988	969872
29994	969736
30015	969179
30040	969920
30043	970982
30063	970893
30066	970991
30072	970366
30060	970555
30014	969498
30023	969670
29991	969355
30007	969762
29985	970832
30022	970856
30020	971273
30010	970540
30016	971057
30045	970342
30042	971182
30013	971577
30034	970830
30068	970133
30068	969513
30086	968961
30041	968137
30064	968352
30065	967285
30051	967495
30016	967791
30008	969220
29999	968398
29951	968008
29972	968304
30001	968584
29976	969853
29994	970605
30001	970357
30019	970729
30044	971538
30025	972290
29999	972291
29992	971328
30005	972170
30004	971861
30028	972155
30050	972659
30037	971497
30055	970747
30089	970497
30134	969328
30109	969910
30071	969195
30073	967623
30083	967144
30060	966608
30041	966644
30016	966705
29995	966478
29978	966851
30002	966897
30021	966702
30041	968101
30031	966803
30009	966698
30016	968080
30015	969127
30001	969541
30002	969086
30022	968156
30045	967352
30008	967594
30047	967255
30057	967845
30069	966626
30081	967232
30056	967681
30048	966884
30020	966601
29991	966325
30009	966041
30005	967184
30054	967403
30034	966314
30051	967266
30020	967820
30057	968028
30053	968049
30032	967381
30060	966915
30043	966673
30028	966567
30029	967333
30011	966681
30024	967250
29999	968993
30008	968668
29984	968166
30021	968310
30013	968576
30013	968832
30033	969970
30063	969058
30064	969099
30034	969559
30051	969602
30047	969983
30027	968258
30062	967515
30029	967959
30059	968054
30077	966548
30082	965696
30084	964623
30111	965190
30068	965735
30042	964641
30024	964934
30007	964325
29993	964846
30006	965746
29975	964873
29963	965622
29994	966405
29991	967436
30041	967286
30038	967814
30009	967270
30012	967850
30014	967448
30023	967735
30040	966875
30044	966413
30038	966927
30036	966009
30046	966166
30015	966019
30038	966807
30029	966388
30006	966542
30021	965415
30018	965732
30019	965292
30039	965823
30066	965354
30044	965183
30063	965179
30060	965197
30025	965188
29993	965912
29988	966036
29958	966173
29973	967346
29970	967007
29963	968095
29958	968922
29985	970147
29997	970135
30025	970774
30010	971861
30022	971557
29990	971814
30001	972309
30023	971543
30039	971393
30093	970625
30092	969711
30069	969693
30076	969099
30085	968996
30083	968917
30072	967336
30071	967270
30052	965956
30034	965259
30020	965722
30037	964607
30077	964966
30080	964805
30073	963469
30045	963959
30040	963624
30004	963816
30007	964485
30010	963886
30029	963318
30033	962835
30018	962024
30035	962483
30034	963251
30036	963220
29988	965611
29914	967370
29872	969815
29859	970111
29908	968955
29943	969573
30004	969919
30042	970503
30071	971374
30095	972409
30139	971431
30152	972372
30126	970640
30074	968470
29998	966864
30017	964991
30039	966221
30032	966362
30093	965349
30079	965606
30050	965744
30046	964508
30064	965242
30015	965218
29996	965564
30031	964576
30004	964129
30051	964994
30034	964528
29996	965108
30020	967268
29972	968505
29988	967149
29984	969051
30002	969032
29983	968861
29925	970548
29941	973295
29967	973479
30011	974153
30061	974383
30060	973998
30061	973939
30045	972641
30092	974079
30080	973050
30089	973914
30123	973259
30106	970953
30062	969565
30080	968605
30097	967794
30086	968529
30070	968465
30074	967394
30039	968335
30037	967577
