12405	402755
24965	806058
37467	1210495
50018	1612901
62486	2017773
74920	2424005
87372	2830690
99871	3236054
112421	3639335
124890	4045415
137378	4450856
149857	4856586
162378	5261337
174920	5665005
187412	6070372
199868	6477472
212395	6881809
224925	7286241
237485	7689342
249965	8094851
262469	8499980
275000	8903925
287595	9305799
300013	9713232
300064	9716251
300197	9715198
300219	9714920
300319	9716798
300302	9717326
300293	9714936
300305	9711082
300278	9710922
300285	9713081
300278	9710612
300238	9710363
300179	9709830
300165	9709594
300236	9708577
300226	9707013
300063	9706672
299985	9709740
300033	9708575
300043	9710941
300016	9709584
300060	9706988
300037	9708553
300168	9710064
300079	9707145
300013	9706734
300121	9707862
300149	9707416
300211	9705655
300150	9705398
300161	9706128
300166	9709196
300189	9707406
300232	9704207
300292	9703975
300330	9701453
300268	9701137
300329	9698347
300408	9698956
300478	9697555
300400	9694455
300316	9689829
300333	9690646
300280	9688825
300286	9687548
300396	9686127
300348	9683837
300364	9683619
300329	9682600
300312	9679283
300334	9678543
300354	9676904
300408	9676416
300305	9675604
300207	9676031
300035	9675403
300055	9674360
300121	9674247
300173	9671951
300198	9671855
300214	9666668
300057	9673498
300100	9672065
300108	9673130
300113	9671819
300168	9670238
300159	9668467
300077	9669276
299921	9674429
299946	9677568
299923	9678568
299956	9677661
