2947	94117
5933	190943
8904	289138
11909	386320
14912	483748
17930	580574
20951	677087
23951	774157
26938	871506
29917	969361
32922	1066534
35973	1161931
38971	1258847
41938	1357053
45010	1451757
45085	1455159
45110	1454642
45051	1454063
45050	1453519
45005	1453764
45026	1453272
45027	1454146
44996	1454923
44950	1455619
44923	1454644
44891	1455486
44931	1457751
44931	1458176
44889	1457464
44959	1460389
44993	1459084
45034	1459959
45016	1459981
45022	1461280
45015	1460911
45089	1460494
45134	1458958
45086	1459373
45050	1458928
45064	1459189
45052	1458123
45034	1457795
45036	1457499
45005	1457753
44991	1457142
45002	1458891
45015	1458693
45005	1458242
44981	1457317
44944	1458163
44992	1459236
45050	1460354
45019	1459609
45006	1459332
44999	1459920
45040	1459323
45063	1458339
45088	1457972
45083	1456983
45093	1456900
45044	1456977
45025	1458025
45030	1457955
45025	1458617
44989	1457850
44969	1459128
44980	1459454
44987	1458693
44981	1458471
44969	1457788
45008	1458244
45045	1458815
45078	1458636
45070	1459874
45096	1460053
45102	1458427
45095	1456920
45090	1456986
45088	1455889
45060	1456230
45012	1455362
44993	1455395
45016	1455224
44979	1456048
44959	1456928
44984	1457022
45004	1456859
45026	1457305
45004	1456104
45025	1455597
45022	1456894
45045	1457363
45064	1456625
45084	1457202
45109	1455102
45110	1454160
45109	1453143
45072	1455270
44994	1455720
44952	1455402
44933	1456700
44917	1457967
44935	1458057
44956	1458119
45031	1456967
45015	1456099
45043	1455368
45078	1455356
45076	1455072
45123	1456410
45144	1457090
45170	1457878
45119	1456391
45084	1454686
45066	1454212
45036	1452823
44980	1452142
44948	1452747
44960	1452321
44982	1454386
44946	1455822
44973	1456845
44974	1458181
44980	1458724
45050	1456763
45091	1455504
45080	1455695
45100	1454507
45108	1455090
45072	1456148
45098	1455984
45086	1455807
45061	1455267
45047	1456849
45028	1456381
45002	1454652
44965	1455133
44942	1454181
44950	1453038
45018	1454618
45039	1456459
45044	1455806
45096	1456158
45085	1456317
45007	1456562
45021	1457258
45024	1457283
45026	1457149
44987	1456719
44981	1456844
45011	1456968
44998	1455798
45004	1456113
45008	1457680
45036	1458055
45038	1456917
45073	1456616
45119	1456503
45100	1456724
45087	1454320
45084	1453908
45075	1453616
45041	1454581
45023	1453847
45007	1453852
44977	1455277
44937	1457462
44918	1458482
44923	1457111
44878	1459063
44911	1459571
44951	1460088
45002	1460562
45023	1459390
45077	1460342
45112	1460180
45107	1461121
45080	1460819
45100	1461140
45123	1460824
45146	1458294
45059	1457585
45028	1456719
45052	1457299
45002	1455276
45043	1453991
45048	1453864
45059	1453989
45069	1454653
45062	1455006
45051	1456208
45020	1455664
44995	1455340
45006	1454555
45029	1454040
45070	1455554
45034	1454526
45025	1454226
45024	1454085
45017	1454424
45043	1455975
45065	1456040
45059	1456598
45044	1456750
45042	1456166
44991	1455823
45004	1454931
45004	1454451
45015	1455351
45008	1456822
45030	1456228
45068	1455089
45081	1454748
45092	1454300
45088	1453963
45093	1452936
45100	1452936
45045	1453468
45021	1453620
45014	1453974
45005	1452702
45010	1453544
44994	1454237
44985	1454127
44957	1453115
44933	1454602
44963	1455801
44971	1456482
44982	1457370
44997	1457483
45047	1457756
45069	1458021
45055	1456677
45076	1455386
45111	1454435
45121	1455490
45109	1455402
45117	1453928
45140	1452987
45133	1453398
45084	1452433
45056	1452559
45052	1451569
45052	1450389
45025	1450675
45038	1450396
45017	1450162
45001	1450932
44979	1452556
45007	1453156
45021	1451612
45023	1450715
45051	1451419
45075	1451750
45076	1450657
45064	1450532
45044	1450176
45027	1451569
45050	1452359
45064	1451096
45081	1451738
45095	1450968
45061	1450697
45003	1450175
45010	1449599
45041	1450272
45060	1450572
45058	1450475
45052	1450679
45049	1451803
45045	1451587
45034	1451691
44973	1451950
44975	1451748
45026	1451868
45007	1452290
45008	1453576
45037	1452309
45005	1452417
45011	1453334
45021	1453844
45043	1453699
45080	1453126
45072	1453327
45072	1452589
45102	1451642
45119	1450582
45095	1448933
45080	1449045
45101	1449665
45063	1449294
45045	1448410
45068	1449136
45033	1448566
44997	1448652
44995	1447864
44982	1448530
44998	1448940
44980	1448557
44954	1449461
44988	1450186
45017	1450862
45048	1450687
45042	1450583
45059	1450020
45037	1449953
45046	1450223
45040	1450590
45032	1450482
45043	1449254
45038	1450144
45045	1449110
45059	1448830
45061	1448648
45046	1447349
45041	1447691
45025	1447934
45007	1449332
44988	1449771
44994	1450591
44975	1450482
44950	1451277
44934	1451605
44928	1451897
44961	1452708
44905	1453612
44954	1453936
44931	1456281
44970	1456420
45027	1456805
45076	1455669
45098	1455601
45051	1455891
45079	1454773
45090	1454279
45119	1453548
45102	1452779
45101	1452098
45104	1451568
45135	1450638
45106	1448526
45120	1448429
45053	1446475
45051	1446339
45034	1446702
45057	1447486
45062	1446871
45029	1444822
45046	1444621
45041	1444204
45056	1444213
45009	1444735
44890	1448129
44850	1450004
44840	1452206
44898	1452439
44944	1452200
44964	1451964
44984	1452162
44966	1452797
45001	1452387
45004	1453692
45056	1454281
45093	1455196
45165	1454714
45195	1455310
45210	1454207
45122	1450544
45058	1449309
45035	1447194
45045	1447668
45037	1448947
45059	1448982
45065	1448755
45052	1447299
45053	1447964
44979	1448350
44962	1449342
44958	1449120
44963	1451254
44950	1451602
44957	1452524
44910	1455380
44876	1456344
44935	1456944
44965	1457074
44956	1457003
44978	1457854
45017	1458482
45069	1459310
45093	1459638
45082	1458851
45116	1457549
45153	1457506
45166	1455687
45162	1455903
45162	1455902
45117	1452931
45050	1452523
