2923	90585
5899	185619
8905	280385
11884	375883
14896	470552
17887	565687
20846	662107
23854	757252
26849	852814
29864	947800
32915	1041456
35895	1137048
38912	1231741
41892	1327482
44870	1423437
45010	1428086
45016	1428412
45030	1428955
44988	1429800
45030	1429836
45035	1429892
45023	1427885
45043	1427292
45002	1427651
45021	1427469
45062	1429529
45086	1427961
45141	1427264
45161	1425204
45164	1423117
45217	1420918
45203	1420053
45224	1418207
45166	1416311
45156	1415998
45103	1416005
45131	1414996
45145	1414073
45085	1412409
45062	1411712
44983	1410704
44995	1410336
44983	1410661
44973	1411780
45007	1411101
45044	1412398
44999	1413074
45054	1413070
45044	1412806
45023	1413025
44968	1412765
44975	1414244
45005	1414766
44993	1415244
45006	1415429
45008	1414550
44989	1416438
44961	1417454
44984	1416021
45037	1416844
45035	1417249
45021	1416159
45077	1416605
45082	1417103
45085	1416704
45078	1415874
45077	1414854
45090	1414934
45073	1414682
45085	1414404
45089	1415166
45031	1414524
44980	1413985
44993	1415326
44988	1416074
44981	1415292
44982	1415817
45022	1415564
45016	1415191
45046	1414619
45050	1414896
45052	1415840
45052	1416158
45076	1415344
45106	1414905
45081	1415140
45060	1414642
45007	1415298
44984	1415482
45000	1413981
44990	1414677
45010	1413450
45037	1413869
45028	1413895
45037	1415035
45042	1414892
45043	1413826
45032	1413521
45026	1414804
45070	1414787
45065	1413892
45067	1413495
45009	1412647
44969	1412492
45006	1413269
44962	1413793
45006	1414471
45020	1414544
45015	1414586
45013	1413735
45013	1413809
45047	1413951
45052	1413891
45008	1413668
45038	1413850
45040	1414384
45031	1415335
45035	1414418
45011	1414211
45043	1413809
45028	1412398
45009	1413239
45001	1413798
44976	1414327
44979	1414903
45003	1414419
45041	1414016
45025	1414704
45014	1414217
45068	1413701
45055	1413728
45018	1413421
45011	1414594
45003	1414472
45030	1414951
45034	1415964
45040	1414865
45043	1414008
45022	1413257
45022	1412563
45055	1412270
45050	1413724
45006	1413703
45022	1413184
45034	1415228
45013	1415593
45006	1415109
44963	1415170
44952	1415383
44944	1416109
44928	1415594
44965	1415776
45017	1415021
45002	1415876
45042	1415887
45111	1415501
45070	1415642
45038	1415627
45052	1416565
45042	1415439
44983	1416217
44998	1416466
44990	1415618
45017	1414171
44957	1415045
44936	1415814
44973	1415614
45001	1417404
44980	1417193
45000	1418004
45074	1418528
45081	1417280
45099	1416204
45075	1416410
45075	1417074
45043	1415574
45046	1415342
45034	1416169
45102	1416651
45077	1414703
45046	1413990
45028	1415512
45002	1415220
44988	1414874
44975	1414732
45016	1414682
45015	1415783
45012	1417165
44990	1417166
44975	1417275
44994	1417498
45015	1417492
44973	1417684
45024	1417934
45070	1418103
45070	1418453
45067	1416958
45066	1416579
45095	1415720
45087	1415705
45125	1415882
45115	1415040
45074	1414460
45044	1414047
45024	1413375
45012	1413554
45013	1413828
44978	1413054
44971	1413887
45011	1413228
45000	1412640
45014	1413050
44987	1413796
44998	1414671
45043	1413044
45048	1413658
45066	1413540
45068	1412993
45082	1411805
45074	1411836
45065	1411505
45066	1410889
45013	1412005
44986	1411675
45028	1412027
45017	1412448
44996	1412904
44992	1411256
44997	1410025
45044	1411181
44985	1412111
44997	1411973
45012	1411872
45006	1414053
45013	1413754
45013	1413866
45022	1414650
44985	1413593
44971	1413805
45018	1413739
45008	1413369
45002	1412510
45000	1414239
45003	1416303
45026	1416551
45005	1415327
45054	1414823
45035	1416246
45008	1415104
45031	1414990
45022	1415338
44987	1415849
44975	1416319
44956	1416595
45001	1417039
44983	1418115
44974	1420105
44972	1419404
44915	1419499
44930	1419805
44980	1419376
45042	1420214
45013	1419562
45097	1417561
45092	1418907
45126	1417711
45080	1417912
45080	1417293
45066	1416783
45077	1417513
45058	1416491
45028	1414654
45012	1415131
44997	1413513
44972	1413741
45020	1413536
45027	1413501
45002	1413371
45049	1415722
45026	1414526
45030	1416227
45008	1414981
45031	1414413
45027	1414218
44991	1414435
45003	1414218
44998	1414961
44963	1415144
44990	1415644
44979	1415146
45015	1415982
45007	1416725
45010	1416280
45003	1416099
45045	1415665
45005	1415330
44997	1416157
45034	1416489
45057	1416444
45037	1415926
45015	1417388
45054	1415585
45058	1414126
45055	1414079
45049	1414346
45031	1414885
45012	1414311
45027	1414043
45009	1414151
45037	1414955
45056	1413410
45028	1412871
45026	1413401
45054	1412770
45041	1412666
45017	1410654
45056	1411797
45055	1413097
45056	1412896
45027	1413029
45002	1412408
45006	1412021
45020	1412055
45017	1411099
44969	1412056
44978	1413675
44965	1413846
44966	1413374
44980	1414388
44975	1414386
45021	1414827
45025	1415235
45040	1413658
45063	1413285
45015	1413804
44980	1415149
45035	1414297
45041	1414856
45055	1415792
45024	1414880
45008	1414174
44993	1414002
44977	1415050
44981	1414515
44976	1414545
44969	1415954
44957	1416008
45011	1416524
45045	1417229
45029	1416285
45016	1414299
45079	1415004
45089	1414627
45083	1414103
45104	1413099
45091	1413363
45081	1413345
45018	1413370
45065	1412574
45099	1411199
45054	1410303
45024	1410114
45009	1410888
45032	1409409
45026	1408959
45010	1410059
44988	1411343
44994	1411447
44976	1412092
44981	1413304
44972	1413005
44952	1413309
44924	1412151
44951	1413321
44997	1414461
44999	1414320
44990	1414537
44958	1415159
45052	1415213
45040	1416697
45035	1416491
44998	1416259
45084	1414007
45051	1414189
45061	1412989
45065	1413139
45043	1413195
45033	1414138
45026	1414150
45017	1414574
45004	1415310
45015	1414352
45028	1411978
45082	1412879
45008	1412768
44963	1413665
44944	1413070
44998	1415997
44987	1415173
