9787	308655
19747	626365
29743	944507
39784	1260379
49759	1578586
59746	1896736
69777	2213190
79782	2530337
89901	2843266
100034	3155426
110045	3470749
120116	3783621
130124	4098195
140148	4412298
150187	4725749
150405	4732676
150334	4729915
150245	4726584
150259	4724759
150185	4720662
150090	4716595
149996	4715478
149847	4714207
149949	4713768
150010	4716836
150002	4715309
150040	4717363
150076	4715948
150092	4716260
150122	4717044
150081	4715618
150031	4716141
150033	4714693
150050	4714490
150041	4715352
150084	4714533
150035	4713936
149951	4713071
150064	4713184
149991	4713611
150006	4714226
150035	4712027
150051	4713728
150024	4714516
149970	4716095
150020	4714478
149984	4713307
149979	4714968
149977	4716101
149902	4717076
149927	4718882
149983	4716853
149947	4717029
150028	4718475
149953	4718395
149968	4718399
149991	4722003
149991	4722103
150010	4721037
150028	4718303
150110	4719612
150115	4720091
150117	4718842
150062	4719181
150058	4715926
150094	4713552
150135	4715544
150124	4714252
150178	4713001
150099	4712314
150053	4713326
150024	4710177
149964	4709903
149954	4710142
149981	4711561
149928	4713943
149839	4715648
149813	4717778
149786	4716670
149867	4717170
149930	4719094
149942	4718705
149992	4718515
150052	4720365
150048	4719931
150018	4719060
150064	4720924
150047	4721232
150070	4721287
150103	4721040
150092	4718308
150019	4716519
149975	4715093
150024	4714161
150129	4713136
150076	4714110
150102	4713264
150085	4715153
150072	4714952
150111	4713294
150057	4714107
150034	4713002
149970	4712959
149910	4714489
149929	4713650
149984	4713356
149970	4712092
150014	4710105
150046	4711019
150110	4712668
150043	4712103
150044	4713325
150004	4711709
149973	4712111
150068	4712181
150041	4710715
150009	4712334
150032	4709868
149906	4710128
