4967	155200
9961	313599
14954	472098
19917	631435
24899	791056
29926	949231
34956	1106752
39952	1265506
44922	1425142
49932	1583613
54923	1742703
59906	1902122
60039	1904990
60063	1904850
60075	1904769
60062	1903707
60098	1900377
60155	1898809
60260	1897082
60299	1894690
60245	1892805
60221	1892183
60232	1888571
60168	1886248
60142	1885160
60069	1884905
60057	1882326
59965	1882074
59992	1882335
59987	1882836
59976	1885668
60015	1886319
59987	1885966
59963	1885611
59986	1888338
60020	1887721
60034	1887946
60030	1886672
60075	1888483
60082	1886969
60120	1887388
60133	1887426
60039	1887380
60072	1887238
60034	1888124
60025	1887921
60002	1886468
60058	1886019
60035	1886503
60050	1887142
60076	1885440
60073	1886959
60055	1888108
60085	1887675
60056	1885870
60089	1885562
60024	1885125
60030	1884415
60042	1884609
60066	1885876
60082	1884225
60043	1884697
60079	1886012
60025	1886237
60015	1884526
60025	1884856
60037	1885144
60066	1885301
60046	1884448
60046	1885699
60075	1885116
60065	1884830
60090	1885983
60047	1885836
60018	1886515
60004	1884937
60012	1886125
60073	1884465
60060	1884855
60045	1886182
60051	1886341
60026	1885977
60096	1885235
60102	1885352
60094	1885260
60058	1885180
60008	1885014
60010	1885823
59962	1886217
60009	1888731
60021	1887933
60033	1885823
60021	1886083
60019	1885416
60052	1887600
60060	1887666
60016	1889570
60057	1888006
60024	1888248
60011	1888534
59987	1888036
59961	1888066
60016	1887598
60095	1888119
60071	1888939
60113	1889017
60075	1889186
60129	1887826
60046	1886572
60062	1888631
60045	1887827
60027	1887206
59993	1887816
59949	1888185
60004	1888913
60019	1890509
60034	1888679
60050	1889371
60028	1888494
60127	1888795
60124	1887830
60094	1886807
60090	1886877
60100	1886932
60064	1886096
60038	1884620
60046	1884591
59966	1884915
60046	1883807
60018	1883489
60055	1882280
60087	1882940
60115	1882580
60067	1883852
60060	1883271
60046	1883374
60046	1882576
60080	1881641
60051	1882311
59968	1881555
60002	1883591
59950	1884583
60010	1885376
60042	1885168
60082	1885310
60002	1884983
59991	1886198
60010	1885288
60000	1886965
60085	1887327
60052	1887847
60016	1888428
60013	1888380
59918	1889559
59944	1890616
59966	1892215
60025	1892541
60019	1891708
60049	1889612
60086	1890541
60094	1889103
60115	1891080
60126	1889726
60108	1888932
60118	1888923
60080	1885808
60062	1885148
60014	1884443
60010	1885269
60012	1885010
60040	1886620
60034	1886496
60027	1887769
60007	1886565
60001	1887784
60005	1887351
60035	1886551
60046	1888302
60055	1888528
60071	1887866
60045	1887844
60104	1886446
60085	1886582
60081	1886604
60053	1885883
60056	1886317
60063	1884537
60056	1884916
60095	1884962
60124	1882270
60057	1883619
60061	1883765
60047	1882697
60088	1883983
60053	1883935
60004	1884958
60008	1884229
59976	1884318
60009	1885056
60033	1883844
60029	1884851
60080	1887002
60030	1885530
60031	1885757
60036	1886540
60038	1887136
60036	1886792
59962	1887174
60021	1886760
59998	1886825
60058	1885806
60108	1886628
60131	1885065
60105	1884863
60098	1885175
60157	1883243
60134	1882923
60111	1882575
60133	1881183
60022	1880677
60048	1881130
59963	1882088
59995	1883349
59981	1883869
60012	1884610
59990	1884539
59942	1885069
60013	1886691
60014	1887188
60073	1885520
60133	1886342
60102	1885572
60089	1887378
60047	1885845
60056	1885890
60104	1883559
60079	1884819
60031	1885970
59987	1885273
