12290	388967
24739	786920
37302	1181883
49778	1579251
62256	1977062
74792	2372593
87397	2765579
100054	3156052
112607	3548772
125157	3941047
137679	4333990
150204	4726467
162671	5121037
175131	5515517
187675	5907562
200222	6299956
212732	6692956
225190	7087808
237739	7479594
250242	7872947
262733	8266316
275273	8658555
287793	9051169
300315	9443424
300474	9447558
300358	9442418
300354	9439512
300203	9435962
300105	9429346
299951	9428661
299976	9427510
300053	9430407
300066	9430614
300142	9429680
300092	9431278
300063	9433052
300019	9430902
299970	9428778
299936	9430940
299926	9432422
299934	9432377
299888	9430485
299928	9431446
299887	9431995
299868	9431912
299859	9434205
299885	9434624
299948	9434384
299961	9433629
299961	9434294
300014	9434490
300009	9432952
300132	9432825
300077	9430834
300163	9430439
300131	9430777
300120	9431458
300228	9431725
300147	9431082
300113	9429884
300066	9432409
300002	9435721
299974	9434310
299941	9433010
299924	9433726
299952	9433379
299973	9433163
299938	9432170
299903	9432566
299831	9431866
299834	9431678
299879	9432607
299925	9432295
299899	9431933
299953	9431976
300049	9430246
300086	9433245
300116	9432945
300150	9435349
300185	9433178
300168	9432667
300189	9434764
300125	9434832
300135	9434630
300141	9430917
300060	9427630
300129	9425890
300129	9425750
300078	9425472
300077	9425788
300084	9426036
300090	9425411
300043	9424941
299987	9424673
299980	9424613
