6009	188765
11996	378974
18004	568692
23971	760278
29986	950665
36008	1140072
42010	1330423
47979	1521801
53979	1712436
59962	1903618
65997	2093018
71996	2283447
77994	2473889
84066	2661887
90140	2849435
90249	2848545
90315	2845868
90313	2845915
90324	2841335
90328	2839047
90334	2838409
90306	2837037
90281	2833103
90234	2831025
90140	2828696
90078	2828977
89996	2827697
89937	2825361
89867	2828266
89930	2828095
89950	2829069
90015	2829831
89993	2828488
90066	2829544
90088	2830112
90057	2830904
90029	2831282
90081	2832410
90108	2832159
90130	2831205
90085	2830645
90092	2829682
90102	2830276
89983	2829201
90041	2829840
90053	2828933
90077	2828946
90074	2829585
90107	2829701
90104	2829556
90091	2827923
90037	2827820
90010	2828448
90043	2828248
90071	2828671
90068	2827660
90069	2828402
90070	2828005
90019	2826805
90053	2826853
90056	2827819
90041	2828773
90029	2828361
90054	2828427
90088	2827296
90080	2828628
90036	2828604
90002	2828421
90059	2827805
90091	2827262
90095	2827901
90086	2827355
90049	2829280
90022	2829726
90013	2831179
90024	2830252
90001	2829564
90059	2827545
90017	2829281
90054	2830571
89985	2831645
90014	2829489
89933	2831277
89985	2832339
90012	2834111
90063	2832933
90091	2833198
90064	2831741
90042	2831661
90064	2829641
90051	2831206
90052	2831762
90144	2833290
90066	2833442
90049	2834411
90015	2832618
90068	2834434
90003	2832396
90037	2831797
90036	2830357
90106	2830405
90093	2830817
90095	2830885
90073	2830713
90138	2831285
90119	2829915
90068	2830272
90127	2829252
90102	2827099
90085	2825227
90106	2824434
90035	2825525
90035	2824765
90056	2824928
90106	2823986
90099	2825558
90037	2826011
90028	2825370
89995	2825605
90024	2825605
90039	2825235
89924	2825954
89964	2827370
89983	2828023
90026	2828394
90019	2830401
89949	2830068
89948	2831345
89929	2833360
89960	2836291
90001	2834674
90040	2832281
90060	2832696
90033	2833343
90057	2834362
90114	2834698
90080	2833182
90109	2832926
90125	2832922
90158	2833359
90123	2832810
90129	2830998
90096	2830724
90015	2830291
89979	2828605
90004	2830166
90048	2831831
90062	2831528
90018	2830971
90022	2830241
90047	2830527
90078	2829553
90065	2830669
90082	2830250
90080	2830630
90105	2828778
90146	2829208
90158	2827774
90101	2827129
90099	2827369
90092	2826351
90103	2825179
90060	2826942
90030	2826517
90023	2826866
90017	2826882
90084	2826094
89979	2827380
90009	2826692
89969	2826771
89996	2828043
89991	2828858
89994	2830833
89990	2830086
89986	2830291
90064	2829150
90110	2829721
90083	2827457
90047	2828310
90121	2825729
90111	2826093
90194	2826619
90116	2824349
90112	2826182
90067	2826305
90047	2826460
90023	2825772
89981	2824658
89930	2825852
89915	2825342
89942	2827678
90002	2826278
90037	2826284
89969	2826246
90039	2829068
90042	2828782
90137	2828039
90077	2830174
90041	2829670
