7626	236177
15117	473749
22565	713113
30088	950913
37619	1187835
45082	1426931
52585	1665048
60073	1903772
67599	2141070
75107	2378731
82655	2615224
90243	2849817
97832	3084346
105377	3319704
105502	3318547
105532	3316295
105465	3312781
105470	3310054
105470	3309358
105402	3305687
105334	3303847
105216	3301844
105125	3301434
105076	3298923
105041	3298069
105074	3299376
105144	3300017
105163	3300395
105134	3303017
105156	3303573
105179	3302860
105236	3302790
105220	3302880
105276	3301959
105199	3303393
105192	3301986
105174	3300344
105176	3301202
105208	3300270
105195	3300342
105229	3300373
105221	3300692
105157	3299124
105154	3298759
105188	3298577
105207	3299305
105154	3299802
105223	3299903
105133	3298533
105120	3299585
105162	3299341
105193	3297991
105191	3300098
105168	3300010
105184	3300577
105220	3298731
105195	3298609
105170	3299888
105192	3300723
105136	3302534
105134	3300416
105166	3301387
105157	3300445
105112	3300296
105094	3302447
105127	3303720
105085	3303294
105070	3304181
105124	3302968
105190	3304857
105202	3304673
105221	3303037
105173	3304704
105137	3302911
105177	3304400
105159	3305880
105207	3306061
105211	3305690
105200	3303742
105207	3303598
105220	3301988
105172	3301475
105214	3302938
105228	3302189
105233	3301885
105280	3301759
105249	3299235
105268	3298610
105237	3298488
105202	3296684
105193	3296830
105224	3294974
105205	3296009
105170	3296531
105171	3298223
105163	3296992
105152	3296243
105093	3298168
105108	3297867
105112	3298524
105100	3300322
105094	3302013
105020	3304114
105017	3305977
105077	3304880
105168	3305977
105155	3306078
105149	3305848
105127	3305782
105204	3305760
105267	3305336
105218	3304218
105254	3305016
105262	3305358
105227	3305095
105218	3303902
105130	3301972
105118	3300019
105138	3302031
105162	3302670
105178	3301377
105176	3300877
105138	3300787
105172	3301530
105251	3301200
105247	3300719
105280	3299071
105243	3299413
105222	3298424
105226	3298335
105179	3298484
105183	3299186
105172	3297520
105156	3297628
105178	3297733
105142	3298794
105082	3298798
105079	3298468
105072	3301064
105086	3300864
105196	3300613
105202	3298957
105177	3300026
105264	3298003
105243	3297200
105268	3295617
105231	3297763
105214	3298083
105215	3298873
105184	3297740
105125	3297607
105122	3297957
105075	3296246
105104	3295149
105128	3297551
105134	3299063
105127	3297462
105205	3299356
105164	3300973
