867	25814
1848	57156
2845	88524
3850	119744
4836	151487
5818	183625
6813	215489
7826	246728
8823	278462
9820	310095
10807	342098
11799	374024
12802	405634
13813	437008
14814	468613
14992	474560
15004	474714
15005	475239
15018	475732
15000	476246
14969	476534
14966	476414
14991	476810
14997	476794
14983	477588
14992	476880
14983	476883
14998	476794
15024	476971
15028	477252
15062	476332
15091	475998
15087	475797
15089	475665
15054	475514
15019	475023
15022	474869
15024	474835
15031	474502
14991	474154
14995	474687
14974	474719
14980	474753
14962	475598
14950	475681
14983	476562
15014	476873
15011	477134
15007	477719
15015	476818
15002	476934
15006	477351
15014	477523
15032	477786
15027	477492
15010	478142
15003	478075
15011	478346
15001	477709
15020	476872
15017	477315
15037	477294
15031	477087
15034	476273
15054	476781
15060	475994
15047	475839
15059	475459
15063	475303
15046	475560
15023	474762
15000	474974
14994	474604
14985	474689
15011	475038
14978	475245
14976	475698
14982	475372
15016	475076
15015	474973
15035	475212
15047	474465
15071	474213
15071	474393
15085	473116
15094	472596
15066	472178
15068	472068
15047	471941
15060	471416
15042	470189
15028	469369
15042	468752
15041	469229
15032	468767
15009	469034
15012	469340
15033	469052
15016	468728
15035	469084
15027	469571
15004	469421
14991	469572
14972	469164
14977	469796
14976	470331
14974	470990
14988	471970
14982	471919
15004	471895
15010	470892
15017	470612
15042	470922
15045	470980
15062	471045
15049	470821
15037	470951
15027	470956
15024	471178
15032	470618
15017	470492
14996	470391
14972	470310
14983	469679
14997	469692
15006	470434
15001	471014
15016	471159
15019	471130
15009	471980
15006	472164
15009	471683
15018	471279
15022	470997
15051	470875
15053	470530
15032	470629
15019	470331
15036	470863
15018	471849
15016	471906
15008	471484
15025	471210
15031	471108
15001	470627
14992	470478
15008	470303
15009	470744
15009	471083
15028	471556
15026	472191
15008	472271
15015	472206
15002	472856
14967	472584
14982	472188
15010	471752
15031	472072
15024	472738
15025	472531
15022	472635
15032	473409
15028	473458
15026	473414
15047	473295
15044	472732
15037	472193
15051	472025
15024	471630
14991	471796
14988	472479
14999	473608
15010	473756
14989	473756
15011	473478
15008	473558
15029	472473
15025	472362
15024	472163
15046	472169
15042	472611
15054	472791
15064	473167
15084	472457
15069	471754
15042	471702
15024	471212
15031	470701
15019	470230
15025	470630
15007	470656
15031	471474
15045	470777
15030	471347
15035	471559
15017	471440
15014	471409
15015	471017
15036	471383
15046	471243
15032	470784
15016	471105
15046	470905
15036	471052
15035	471000
15015	471080
15014	471028
15046	471338
15024	471016
15022	470860
15006	470977
14990	471288
15006	471378
15008	471610
14993	472727
15012	472497
14979	472959
15000	473804
15016	473099
15039	472638
15021	472723
15013	473053
15018	474007
15009	474157
15036	473936
15042	473443
15027	473416
15055	473084
15053	473190
15015	472799
15049	472711
15040	471461
15048	470804
15056	471549
15061	472435
15056	471924
15052	471354
15049	470080
15028	469924
15041	470080
15042	470238
15031	469873
15026	470754
15013	470642
14983	470446
14989	470963
15007	471283
15009	472150
15006	471855
14995	471354
15014	470894
15018	471136
15056	471258
15043	471215
15054	471104
15048	471250
15045	471697
15031	471424
15015	471752
15016	471311
15014	471106
14976	472384
14969	471980
14973	472015
14980	472140
14993	473115
14997	473217
15034	473356
15048	472867
15070	472899
15076	472621
15066	472297
15054	472685
15056	471903
15071	471879
15084	471719
15047	470294
15027	470640
15037	470405
15040	470112
15017	469734
15004	469696
15006	470263
15003	471068
15008	471290
15013	471531
15015	471319
14997	470889
15035	470503
15028	470912
15035	471204
15052	471014
15041	470529
15032	471218
15048	471257
15024	471773
15011	472062
15001	472056
15003	471196
15019	470796
14992	471357
15000	471496
15028	470521
15067	470849
15066	470420
15050	470786
15062	471158
15049	471864
15039	471265
15040	471593
15027	470796
14994	470929
14980	471016
15000	471053
15016	471480
14987	471064
14976	471501
15001	472552
15016	473218
15031	473523
15036	472668
15044	472683
15050	471519
15037	472190
15039	471922
15047	472208
15025	471893
15025	471419
15031	471937
15039	471687
15052	470982
15035	470751
15016	470938
15005	470712
15000	470664
15022	470681
15033	470304
15045	471034
15023	470618
15023	470840
15000	471401
14998	471026
15026	470540
15010	470677
15014	470884
15024	471583
15023	471399
15014	470964
14989	471671
14989	471606
15001	472117
15023	472384
15022	472179
15032	471776
15042	471274
15014	470937
15007	471433
15037	472153
15030	471867
15046	471401
15046	471119
15044	471146
15062	470723
15016	470547
15012	470556
15005	470524
14998	470922
14992	471158
15005	471496
15028	471960
15005	472120
14989	472021
14985	472146
14992	472067
15005	472797
15016	472845
15034	472481
15061	472910
15038	472651
15047	472484
15076	471585
15070	471300
15054	471530
15044	471739
15029	472159
15025	471525
15028	470980
15027	470644
15045	470199
15037	469735
15039	469454
15043	469879
15026	470442
15003	470309
15011	470299
15023	471550
15028	471977
14996	471701
14983	471510
14968	471078
14962	471585
14980	471706
14982	472102
15010	472555
15030	472547
15038	473124
15045	472983
15026	472838
15021	472903
15049	472729
15051	472020
15033	471858
15042	471388
15047	471016
15069	470290
15038	470412
15035	470805
15038	470224
15041	470255
15044	470479
15040	469850
15037	469748
15025	469190
14999	469271
14995	469874
14996	470308
14983	470059
14977	470725
14979	471335
15004	471977
15004	471113
14998	470874
14991	471905
14988	472392
14999	472337
15008	472908
15005	473524
15024	473723
15029	473264
15032	472984
15028	472935
15041	472643
15013	472849
14999	472996
15008	473076
15024	473639
15033	473851
15020	473239
15003	473252
15015	473410
15015	473291
15011	472577
15012	472813
15034	472596
15038	472755
15043	472681
15068	472623
15064	471759
15067	470851
15068	470691
15049	470957
15028	471254
15025	471379
15020	470553
15020	470271
15013	470100
15032	469864
15037	469114
15017	470130
14999	470190
14999	470167
15002	470631
14997	471336
15012	471916
15016	472191
15003	471896
14982	471601
14969	471631
14995	471637
15009	471904
15011	472134
15015	473141
15022	474431
15014	473649
15004	473995
15027	473789
15042	473414
15041	472927
15038	473051
15063	472254
15080	471580
15067	471566
15035	472172
15049	472715
15037	473127
15030	473277
15011	472993
14987	472493
15007	472205
14982	472065
15013	471827
15016	472223
15017	472567
15009	472609
15039	473324
15051	474342
15059	474216
15040	473580
15042	473470
15028	473167
15034	472404
15034	472097
15032	471811
15058	471885
15047	471521
15072	471856
15061	471836
15060	471449
15065	470718
15063	470648
15033	470570
15023	470806
15003	471163
15004	471069
14994	470982
15010	471234
15012	471284
15012	471436
15021	471736
15020	471698
15022	471835
15009	471953
15013	472162
15021	472983
15024	473163
15026	472652
15043	471736
15031	471096
15037	471016
15043	470725
15055	470701
15053	470630
15036	470930
15021	471423
15014	471695
15005	471943
14977	472374
14973	472514
14982	471686
14965	471764
14972	472040
15009	472484
15008	472971
15039	472527
15039	473147
15054	473417
15069	473287
15080	472478
15060	472301
15042	472384
15037	472135
15013	471610
14980	472217
15003	472700
14995	472573
14985	472880
14999	473144
14985	473116
15009	473852
15001	473515
15009	473410
15025	473601
15055	474244
15052	474014
15055	473500
15061	473590
15079	473002
15025	473140
15021	473446
15025	473349
15015	473027
15034	472482
15035	471984
15030	471943
15035	471631
15039	471671
15032	471940
15024	471854
15028	471725
15029	472061
15049	471466
15078	471544
15038	470793
15020	470613
15001	471092
15017	470258
15044	470284
15042	470485
15022	470830
15039	470743
15046	470375
15027	470415
15032	469867
15022	470190
15011	470045
15034	470202
15059	470040
15035	470215
15009	470583
14985	470115
14999	470983
15011	471479
15020	471114
15002	470668
15003	471228
15028	471237
15009	471285
15014	472037
15011	471879
15018	471699
15022	472275
15047	472881
15042	472329
15019	472090
15028	471878
15019	471804
15003	472302
15031	472300
15046	471698
15039	471440
15059	471579
15047	471325
15039	470887
15028	471161
15043	471000
15036	470700
15021	471021
15017	471324
14997	471235
14984	472084
14986	471941
14979	471095
15021	470491
15055	470615
15058	470564
15063	470772
15056	470769
15052	470994
15043	470451
15050	470920
15060	470764
15060	469906
15059	469535
15028	469801
15015	468549
15019	468111
15006	468526
15014	469891
15041	469794
15033	469977
15016	470406
15009	470224
15007	469825
15011	469823
15014	469245
15009	469591
14996	470718
14996	471287
14975	471050
14998	471578
15020	472030
15007	472164
15016	471076
15037	471509
15025	471561
15012	471158
14991	471892
15021	471752
15034	471757
15042	472437
15031	472669
15022	471841
15021	471194
15027	470521
15028	470518
15038	470231
15046	469334
15063	469864
15063	470057
15054	469750
15051	469619
15006	469457
14987	470693
15001	470570
14996	469947
14970	469812
14969	470076
14980	470227
14996	470445
14977	471152
14976	471823
14996	472672
14987	473331
15016	472547
15031	472557
15024	473360
15034	472406
15009	471479
14994	472648
15008	473189
15028	472312
15018	472587
15031	472727
15051	472759
15030	472301
15021	472117
15018	471940
15001	471380
15044	471509
15051	471574
15027	470972
15029	471929
15050	471302
15037	469851
15018	469936
15039	470417
15012	470380
15008	470430
14996	471146
14979	471256
14965	471481
14959	471751
14967	471646
14971	472803
14990	472603
14995	472306
14993	471607
15012	472579
15050	472855
15052	472467
15081	472187
15064	472160
15041	472941
15028	472382
15011	472548
15013	471792
15007	471363
15013	471357
15004	470462
15005	470795
15007	471042
15022	471087
14996	471465
14993	472200
14995	472486
15010	473200
15004	473020
14982	472276
14974	472797
14961	472533
14977	472990
14983	473438
15002	473291
15028	473469
15025	473590
15006	474500
15042	474300
15017	474169
14992	474487
14984	474948
14988	474802
14987	474961
15017	474583
15004	474256
14998	474510
15008	474495
14995	474851
15027	475041
15043	475362
15041	475448
15030	474327
15081	473965
15066	473738
15040	473338
15020	472878
15046	472102
15042	471714
15051	472082
15029	472584
15011	472303
15002	472538
15060	469387
15048	469686
15006	470428
14996	469995
15007	469826
15045	470176
15033	469871
15003	469949
14976	470432
14994	471185
14991	471630
15003	471199
14979	470685
14985	469962
14959	469931
15027	472860
15034	472397
15005	471642
14993	472326
15020	472310
15018	473344
15036	473044
15021	472813
15023	471743
15022	471589
14979	472346
15011	472356
15017	472051
15043	472412
15055	471570
15026	471595
15032	471860
15025	471908
15008	471462
15014	472104
15016	470761
15032	470895
15019	470799
15041	471050
15038	471092
14998	470101
15015	470240
15000	470921
15017	470728
15027	471634
15003	471571
15002	471486
15014	470682
14997	470929
14950	471925
14981	472524
15000	472509
14999	472493
15024	472345
15024	472445
15028	472302
15048	472264
15042	471539
15049	472215
15057	471315
15040	471090
15031	471446
15040	472402
15028	472201
14996	470646
14992	470928
15003	470947
15002	470798
14997	471599
14995	471603
14999	471629
14986	472684
15000	472905
14999	472601
15036	472745
15022	473008
15033	472359
15024	472007
15013	472192
15016	472823
15014	472850
15039	472641
15032	473099
15011	472989
15022	472652
15025	472739
15020	471434
15007	471838
15008	472094
15039	472140
15018	472265
15058	471935
15055	472047
15052	471565
15046	471147
15018	471700
15038	471991
15019	471779
14997	471692
15001	472148
15009	471729
15024	472426
15012	472117
15002	471976
15004	472929
15019	471372
15039	472355
15025	472573
15053	472228
15064	472150
15006	472609
15011	472947
15027	472339
15027	471864
15040	470971
15054	471164
15058	470681
15057	470418
15054	470082
15038	469226
15053	470606
15025	470896
15024	470186
15033	470894
15032	471198
14986	470103
14962	470181
14985	470277
14992	470335
14994	471578
15012	471425
15030	471586
15032	471767
15036	472076
15037	472902
15038	472179
15018	471885
15035	472199
15033	472005
15054	471185
15049	471082
15052	470304
15062	470522
15057	470881
15037	470343
15047	470630
15053	470594
15030	471089
15022	471111
15019	469967
15029	470118
15021	469721
15013	469745
14991	470159
15027	470286
15041	469572
15045	470238
15066	469805
15055	469438
15028	469976
15027	469924
15001	470937
14984	470293
14966	470560
15004	470576
15007	470743
15004	470956
15001	471126
14982	470853
15006	471190
15028	471878
15017	471945
15052	472236
15069	472204
15051	471683
15047	472009
15033	470902
15046	470736
15023	470542
15043	471018
15059	470387
15042	470686
15032	470579
15004	471089
14997	471716
15003	471597
14990	471562
15000	471914
14991	472688
15007	472318
14990	472396
15021	472221
15031	472548
15032	472206
15032	472598
15057	473272
15051	472997
15052	472992
15037	472331
15036	471689
15041	471907
15044	471515
15039	471501
15012	471028
15024	471508
15019	470921
15053	470813
15051	470749
15059	470802
15054	470146
15056	469891
15038	469965
15018	470289
14993	470905
14976	471932
14978	471876
14984	472236
14997	471715
14993	471443
15006	470850
15013	471005
15034	471337
15027	471789
15031	472331
15035	473065
15059	472975
15054	472935
15063	472220
15036	471879
14996	471529
15009	471102
15003	470817
15017	471258
15004	471845
15031	472056
15020	472710
15031	473017
15025	472656
15023	472125
15016	471599
15023	472095
15036	471535
15057	471640
15035	471919
15022	471480
15017	472507
15011	473154
15011	473334
14990	473144
15013	473130
15012	472321
15016	472057
15015	472042
15035	471865
15032	472348
15032	472255
15051	472737
15062	473034
15046	472665
15061	472428
15052	471553
15046	470569
15042	470315
15039	469663
15042	469788
15044	470116
15043	470290
15041	470117
15043	470488
15028	470032
15024	469800
15017	469605
15015	469224
15008	468714
15014	468805
14995	469475
15004	469722
14982	470508
15010	470358
15010	470571
14983	471132
14983	471317
14992	471481
15000	470985
15008	471017
15026	470652
15058	469689
15062	470195
15083	470092
15079	470437
15056	470081
15055	470222
15023	469645
15041	469935
15028	470034
15003	469240
14990	468951
14965	469435
14984	469397
14997	468874
15005	469264
15039	470108
15026	470054
15051	469984
15043	469676
15016	470208
15010	470243
14993	470451
14991	470984
14980	470898
14978	471205
14976	471533
14966	470857
15002	470624
14996	472088
14997	472425
15006	472782
15013	472550
15024	473386
15048	473176
15028	472856
15040	472742
15032	472481
15020	472412
15017	472423
15010	472443
15009	472159
15026	472078
15045	473102
15016	472490
15027	471789
15022	471643
15023	471907
15016	471467
15027	471774
15023	471377
15026	471573
15020	471660
15019	471395
15010	471491
14996	471590
15008	471540
15002	472318
14994	472045
15015	471045
15040	471165
15035	471232
15001	471948
15008	472034
15021	471893
15033	471934
15020	472378
15026	472011
15010	472598
15001	472673
15019	471704
15061	470642
15050	469707
15024	470039
15049	470759
15053	471366
15069	470726
15039	469671
15027	469871
15027	470076
15031	470009
15010	469509
15010	469801
14977	469419
14955	469434
14964	470376
14994	471850
15009	472236
14982	472310
14985	472384
14994	471741
15013	472322
15018	472684
15009	472733
15011	472982
15016	473335
15012	473752
15024	473575
15044	472819
15047	472303
15054	471714
15062	470958
15084	470259
15071	469481
15071	469302
15067	469968
15052	470293
15038	470303
15015	470407
15003	470264
14954	471132
14940	470719
14938	470930
14954	471649
14966	471747
14974	472151
14986	472879
15020	473495
15041	473772
15066	473865
15066	473588
15070	473033
15066	473014
