4841	151525
9826	310127
14819	468623
19789	627723
24760	787648
29787	945841
34825	1103189
39826	1261771
44793	1421475
49802	1579971
54789	1739209
59784	1898262
64796	2056694
69817	2214696
74816	2373298
79829	2531614
84902	2687809
89946	2844602
95028	3000373
100080	3156748
105085	3314325
110089	3472144
115153	3627751
120164	3784936
125182	3941753
130163	4099721
135209	4255802
140198	4413509
145222	4570202
150231	4727214
155182	4886018
160212	5042639
165198	5200451
170198	5357803
175162	5516208
180196	5672526
185208	5829472
190220	5986590
195222	6144068
200252	6300614
205261	6457639
210271	6614718
215234	6773198
220254	6930081
225216	7088575
230211	7245946
235244	7402380
240283	7558510
245274	7716169
250271	7873677
255314	8029619
260299	8187459
265264	8345779
270289	8502408
275302	8659284
280333	8815677
285316	8973497
290342	9130025
295350	9287045
300342	9444292
305378	9600366
310348	9758355
315351	9915529
320322	10073821
325352	10230207
330356	10387238
335358	10544460
340374	10701143
345382	10858104
350361	11016000
355387	11172258
360392	11329376
365390	11486610
370383	11644092
375357	11802021
380366	11959025
385365	12116189
390426	12271647
395420	12429005
400389	12587216
405391	12744282
410386	12901753
415439	13057433
420444	13214615
425454	13371521
430436	13529260
435426	13687018
440414	13844577
445390	14002432
450367	14160406
455371	14317313
460421	14472922
465404	14630601
470419	14787308
475393	14945254
480388	15102380
485333	15261172
490372	15417248
495331	15575483
500307	15733386
500505	15738860
500451	15738274
500447	15736067
500418	15733395
500312	15731653
500295	15730498
500264	15731184
500283	15728344
500174	15726677
500115	15726030
500055	15724066
500004	15722022
499930	15721830
499881	15721942
499838	15720462
499779	15720045
499838	15720321
499838	15721040
499902	15722260
499969	15722132
499966	15721440
499957	15720635
499998	15722402
500004	15722507
500011	15722873
500003	15721524
500047	15722407
499988	15722969
500062	15721813
500064	15721910
500049	15719193
500086	15719322
500093	15717863
500051	15718808
500023	15717020
500037	15718145
500068	15717540
500103	15716699
500087	15716703
500098	15717656
500094	15718009
500075	15718892
500049	15717214
500091	15716823
500059	15714957
500013	15715652
500021	15716835
500068	15717554
500029	15717934
500048	15716806
500068	15718762
500013	15719163
499968	15718231
499922	15720732
499907	15721923
499918	15723486
499920	15722397
499933	15723387
499976	15722181
499964	15722201
500014	15722819
499957	15722920
499964	15722761
499930	15721835
499959	15722711
499992	15722061
499997	15721911
500000	15722763
499997	15723307
499987	15722228
499997	15723614
500000	15723662
499971	15724492
499975	15723964
499929	15723824
499938	15723887
499966	15723240
500006	15725713
499997	15725809
499984	15724359
499973	15725067
500011	15723309
500068	15724703
500063	15725017
500076	15725320
500058	15724995
500086	15723377
500079	15723131
500080	15721808
500116	15719290
500069	15721186
500123	15722665
500142	15721409
500167	15721542
500136	15721088
500103	15722150
500069	15719984
500090	15721661
500071	15719999
500074	15718458
500078	15718665
500031	15718571
500063	15719302
500094	15719944
500053	15719219
500050	15719536
500015	15718793
500021	15721692
500017	15719781
499988	15719314
500029	15718109
500042	15718184
500040	15715794
500001	15715152
500003	15715236
500041	15712759
500070	15713348
500060	15712904
500103	15711785
500102	15713575
500132	15713302
500094	15714652
500078	15714601
500071	15714716
500077	15714107
500081	15714996
500056	15715973
500026	15714407
500069	15716422
500115	15714859
500183	15715233
500193	15715883
500186	15717969
500157	15716698
500179	15717308
500232	15715110
500242	15716592
500239	15718662
500213	15718734
