2379	73664
4870	152241
7352	231916
9853	310872
12342	390361
14847	469371
17341	548653
19815	628590
22301	708523
24791	788382
27312	867241
29816	946671
30029	951191
30053	951779
30043	951478
30059	951685
30041	951815
30033	952864
30038	952925
30024	952199
29991	951990
29968	951636
29940	953401
29973	952470
30021	953642
30044	953455
30062	953035
30078	952999
30064	952948
30054	951890
30029	952802
30071	951674
30085	950412
30116	948606
30071	946541
30107	946271
30137	944414
30142	943713
30130	943589
30145	942129
30095	941432
30063	941174
29969	940360
29980	940576
30005	939475
30023	940075
29994	940332
29999	940428
30010	941988
30037	941512
30012	941549
30025	942908
30016	942503
30042	941255
29994	940866
29978	941482
30027	942289
30035	942534
30036	941752
30031	942387
29982	942804
29984	944329
30010	943194
29983	943068
29974	943686
30017	944769
30017	944094
29995	944236
29993	945423
30000	945776
30036	946152
30056	945224
30022	944645
30024	943352
30057	944415
30064	943914
30065	943204
30056	943567
30062	943829
30075	942779
30049	941799
30024	941480
30020	941709
30036	942246
30004	942243
29986	943839
29966	944122
30004	943487
29998	944313
29974	944568
29985	944260
29996	945340
30044	944713
30043	944873
30069	944162
30090	943807
30090	943232
30032	943009
30018	942563
30041	943574
30047	942147
30028	941091
30000	942146
29977	941596
29965	943457
29964	943343
29990	944062
30025	943881
30033	944202
30023	943085
30028	942902
30038	942133
30052	943261
30058	944021
30040	943144
30059	942650
30032	941168
30017	941278
29970	942286
30007	941975
29986	942209
30040	941073
30018	941842
30022	942699
29997	942788
29999	942137
29995	942477
29996	943808
30037	943669
30040	943351
30002	942270
30029	943006
30016	942660
30063	944226
30073	942628
30043	942712
30047	941870
30039	942513
30033	942250
29981	942151
29996	942765
30028	942022
29999	942794
30025	942192
30049	941478
30015	942052
30030	943530
30023	943040
30024	943914
30002	943946
30021	943736
30000	943035
30011	942532
30017	944021
30026	942344
30074	942305
30100	943041
30064	942532
30025	942746
30022	943151
30001	942835
29994	942200
29983	942971
29989	942844
30013	943256
30036	941186
30039	942690
30082	942954
30105	942320
30079	942529
30037	942081
30013	942130
30016	941540
29997	942773
29948	942891
29959	942874
29967	942749
29988	945124
29980	944527
29990	945742
30024	946457
30031	945828
30053	944923
30080	943679
30056	945610
30067	943700
30067	942323
30061	942831
30060	943199
30016	942777
30003	943083
29981	942215
29936	943291
29931	943952
29974	944204
30037	944363
29991	942800
29991	944976
30005	946322
30014	945972
30033	945499
30027	945334
30016	945567
30024	946087
30022	944246
30023	943504
30049	943694
30105	943928
30079	945132
30047	943986
30034	943093
30028	943206
30035	943449
30000	943939
30024	942276
30017	941621
30039	941979
30004	943545
29988	944465
30017	944957
29990	943966
29998	943880
30026	943664
30020	943800
30005	944367
29965	944172
30003	945817
30020	946543
30056	946595
30023	945566
30018	944524
29996	945706
30011	945563
30047	944857
30066	945381
30063	945458
30077	944285
30040	944288
30053	942923
30048	942332
30064	942203
30050	942013
30074	941614
30007	941040
29995	941119
30002	941995
29994	941951
29979	941783
29994	942624
29972	941884
29992	942922
30021	942376
30031	942811
30039	942516
30061	943184
29998	943870
30020	943100
30052	941820
30045	941888
30038	941812
30062	940677
30058	940640
30042	940244
30062	940682
30058	940438
30066	940267
30017	941328
29957	940122
29959	940908
30008	941426
29984	941515
29971	941461
30006	942270
30027	941753
30055	941099
30062	941270
30036	942196
30057	942289
30015	941289
29993	941671
29969	942158
30003	942257
29991	942110
29957	943040
29970	943032
29995	943611
30021	944763
30068	943907
30043	943459
30073	943017
30060	943175
30027	943312
29996	943218
30010	943885
30026	943441
29998	942410
30005	942622
29986	943559
29995	942783
30038	943548
30033	943223
30039	944769
30031	944859
29995	945110
29986	944700
29983	944596
29970	946100
29951	947339
29970	947616
29953	947120
29976	948302
30005	948670
30070	947962
30054	947714
30083	946785
30049	946713
30140	944284
30110	945322
30104	943438
30038	943175
30018	943232
30031	942168
29991	941922
29969	942208
29989	943255
29985	942297
29976	943918
29980	942345
30064	944489
30013	943836
30061	944064
30047	942895
30033	942462
30056	943096
30026	943052
30011	942573
29970	943287
30005	943119
29973	942101
30007	942645
30020	942829
29984	942908
30020	942930
30016	943713
30003	944343
30009	944932
30012	944205
30019	944272
29982	943626
29991	944671
30002	944561
30017	944842
30034	944870
30045	943585
30049	944749
30023	944652
30022	943781
30000	943691
30022	943815
30031	943739
29991	944473
30003	943394
30036	942539
30045	942026
30038	942238
30061	943038
30023	943009
30023	942057
30016	942884
30005	942190
30003	942632
30007	942645
29996	940717
30016	941070
30043	942174
30046	942881
30064	941990
30052	942099
30045	940723
30086	940112
30033	940200
29995	941513
29994	940622
29967	941042
29995	941706
30013	941613
29991	941932
30000	940938
30030	941260
29991	942005
30009	942961
30023	945037
30022	944081
30000	942688
30000	943870
29992	943312
30011	943348
30022	943625
30022	942736
30067	943037
30095	942853
30038	942832
29993	944014
29991	942301
30029	941690
30004	943010
29985	942420
29987	942671
29992	942915
29981	943183
29977	944220
30019	944327
30049	944856
30022	944137
29959	943518
29969	944967
30016	945752
30020	944015
30015	944423
30029	944118
30044	943761
30067	942773
30064	941577
30062	942448
30067	942168
30086	941037
30038	940696
30004	939873
29974	940653
30000	941064
30010	939741
30027	939171
30010	939702
30039	940059
30042	940780
30020	940223
30038	939474
30062	940155
30018	940167
29983	940866
29947	940434
29973	939980
29949	942312
29972	943144
29977	942643
29989	943355
29978	943459
29983	943569
30027	944329
30048	944537
30050	943900
30020	943760
30008	943924
30028	945156
30028	942669
29994	943514
30007	943880
29999	943907
30022	942961
30043	942041
30045	942366
30063	941737
30075	941770
30042	941795
30004	942118
29963	942330
30011	943158
29971	942366
29949	943014
29953	942160
30001	942055
30062	941684
30047	941905
30044	943298
30020	944487
30010	944189
29989	943604
29964	943180
29982	943192
