9995	321152
19974	644365
29961	966981
39991	1288681
50035	1608990
60020	1930857
70014	2252879
79985	2575582
89929	2899589
99880	3223928
109873	3547203
119864	3870572
129797	4196000
139844	4518003
149849	4840902
149914	4842232
149916	4841174
149963	4840155
149945	4842810
150015	4845570
150123	4844383
150150	4845414
150116	4846795
150131	4844582
150110	4842346
150083	4842519
150104	4840581
150061	4836449
150106	4836183
150122	4834531
150180	4832440
150066	4835927
150111	4836446
149987	4836060
149866	4838301
149946	4839225
149955	4837985
149837	4838242
149844	4839768
149845	4840902
149839	4839909
149860	4841790
149926	4843128
149983	4844050
150096	4843820
150235	4844769
150141	4842165
150229	4841238
150230	4838573
150000	4840422
150030	4841447
150046	4842789
149991	4841148
149932	4842110
149969	4839550
149965	4839679
149968	4838248
149973	4837732
149985	4837293
150094	4836524
150098	4838647
150158	4835323
150199	4836751
150264	4837319
150088	4833465
150080	4833009
149987	4833901
150011	4832397
149981	4828926
150056	4829053
150070	4827189
150093	4826283
150068	4826152
150016	4826747
150021	4829508
150018	4826423
150057	4829538
150074	4827654
150067	4828204
150033	4826469
149961	4827841
149850	4826848
149927	4826106
150020	4824802
150017	4826793
150050	4827945
150061	4829515
150077	4828906
150038	4828106
149948	4828440
149926	4832248
149912	4831671
149982	4832684
150031	4830591
150010	4832284
149939	4831426
149970	4828237
150067	4827975
150232	4827412
150219	4825643
150242	4824631
150239	4822787
150179	4825122
150079	4827142
150060	4824164
149965	4821983
149944	4821379
149926	4821367
149948	4823263
149869	4822361
149801	4822137
149821	4824555
149878	4825396
150021	4826661
150071	4826369
150133	4826545
150169	4827636
150126	4825325
150009	4823648
