10008	320632
19924	647246
29987	969333
39971	1293276
49995	1616174
59957	1940780
69975	2264047
79942	2588950
89892	2914464
99886	3238762
109906	3562385
119940	3885393
129989	4207667
139968	4532080
149955	4856128
150139	4856783
150027	4854190
150150	4853598
150162	4852864
150217	4852110
150222	4849463
150278	4847858
150204	4846418
150106	4844686
150022	4844540
150014	4843531
150031	4842921
150057	4843273
149996	4841740
150014	4838599
150076	4839290
150022	4838100
150123	4837640
150123	4836296
150064	4838827
150028	4841229
150048	4843171
150043	4841498
150084	4837823
150012	4836463
150015	4836063
150004	4836426
150003	4835546
150000	4834139
150064	4834826
150140	4832927
150193	4829657
150249	4830151
150266	4830078
150152	4828647
150045	4826660
150009	4824023
149933	4826348
149982	4828321
149973	4826218
150037	4823019
150003	4822061
149997	4821848
149975	4822871
149931	4824151
150017	4824764
150131	4825290
150176	4824244
150124	4825912
150126	4822692
150084	4821663
150142	4820474
150054	4817814
150049	4815803
150000	4817809
150053	4820267
150023	4820471
150022	4820027
150002	4818174
149922	4817170
149896	4819383
149935	4821035
149952	4822316
149939	4818450
149978	4819720
149981	4819695
150073	4819772
150123	4818407
150111	4821300
150093	4819093
150055	4819845
150043	4818722
149994	4820373
150090	4818322
150021	4819264
149931	4819064
149948	4817658
149900	4817940
149965	4819204
149951	4820082
149928	4820858
149962	4822810
150059	4823244
150022	4821764
150094	4821651
150045	4821293
150075	4821172
150096	4817983
150227	4818952
150090	4819987
150067	4817851
150049	4820129
149923	4822558
149990	4822028
149940	4822215
149893	4822119
149864	4822262
149886	4823607
149922	4822640
149975	4823359
149997	4821877
149982	4823706
150074	4824809
150231	4823826
