10152	185039
17364	371916
24962	550823
32519	729667
40045	908987
47563	1088092
55066	1267621
62590	1446395
70107	1625806
77580	1805471
85060	1985624
92631	2163445
100180	2341491
107708	2519703
107368	2513549
107035	2506129
107086	2504809
107069	2504976
107024	2505260
107025	2505092
107057	2503074
107140	2500669
107014	2501917
106986	2500428
107002	2496987
106990	2498459
107014	2498576
106906	2501906
106838	2503499
106751	2504414
106864	2504525
106857	2504506
106833	2503603
106830	2503674
106962	2503273
107136	2504063
107094	2501066
106973	2505157
107126	2505906
107235	2502883
107207	2504791
107088	2502025
106946	2502066
106867	2500709
106826	2503672
106705	2506711
106764	2506224
106703	2507929
106696	2512521
106757	2515672
106798	2519275
106586	2519991
106673	2523155
106921	2524884
107010	2523145
107088	2524115
107170	2521549
107262	2521738
107229	2521425
107198	2517966
107269	2519887
107315	2516924
107220	2515391
107282	2512464
107274	2508765
107051	2506415
106954	2505379
106857	2509481
106752	2514159
106768	2513344
106866	2514215
106824	2516257
106701	2518578
106678	2522012
106694	2521765
106785	2524483
106715	2526471
106831	2530195
107006	2532745
107052	2532286
107066	2534758
107082	2531950
106957	2530391
107065	2531297
107139	2533248
107148	2532485
107046	2531513
106962	2530889
106898	2534773
106928	2535131
106835	2535291
106847	2534996
106926	2534982
107064	2533605
106972	2533656
106966	2537650
106954	2537567
107121	2536316
107170	2535494
107287	2534055
107205	2535035
107231	2533024
107165	2528868
107244	2526502
107179	2523884
107215	2522020
107210	2522036
107280	2523141
107146	2522541
106932	2521648
106833	2521377
106877	2523436
106935	2522606
106915	2525859
106797	2524408
106779	2526884
106789	2528410
106854	2531607
106944	2531360
