14222	231993
24088	475876
34170	714669
44241	952916
54234	1192482
64267	1430870
74285	1669671
84257	1909547
94288	2147928
104377	2384664
114380	2623306
124413	2861615
134448	3099112
144405	3338750
154404	3577430
155170	3581590
154939	3575100
154882	3575336
154996	3573059
154929	3571818
154795	3574545
154698	3576000
154588	3575836
154634	3574530
154686	3576474
154683	3576043
154802	3573732
154849	3573941
154702	3574664
154663	3574349
154873	3574041
154830	3576981
154767	3576761
154792	3581670
154746	3583652
154595	3583014
154440	3584157
154344	3584980
154239	3592157
154261	3593478
154405	3592353
154586	3595474
154746	3596153
154740	3594716
154827	3594876
155006	3598874
155061	3596624
155173	3595646
155211	3592442
155172	3591522
155023	3593100
154780	3594847
154827	3591702
154548	3588968
154347	3592768
154350	3597332
154370	3598324
154343	3602471
154360	3604552
154501	3605176
154420	3608157
154548	3610309
154695	3612363
154839	3615280
154892	3617303
154820	3617322
154576	3618785
154758	3622369
154729	3623285
154694	3619391
154737	3617652
154687	3621226
154653	3620160
154756	3617955
154952	3617950
154894	3615891
154919	3617123
155110	3615101
155165	3613820
155203	3611889
155183	3609957
154977	3606550
154870	3608247
154752	3607075
154802	3606970
154748	3609670
154552	3608150
154462	3608208
154531	3610026
