5383	98753
10029	218436
14782	345246
19850	464941
24899	584207
29946	703451
34956	823365
40008	942093
45037	1061248
50011	1181650
55030	1300973
60050	1420037
60841	1441419
60929	1440293
60610	1433436
60561	1434099
60529	1435399
60597	1434141
60600	1433367
60715	1432077
60729	1432014
60670	1431300
60637	1431901
60655	1431846
60627	1430897
60704	1430415
60664	1429489
60564	1429543
60490	1428413
60502	1430190
60547	1429148
60654	1429990
60705	1428727
60660	1428361
60577	1428619
60587	1428529
60626	1427298
60705	1427203
60672	1427543
60602	1426311
60545	1426528
60396	1428350
60407	1430422
60386	1432885
60462	1434368
60460	1434967
60494	1432877
60528	1433001
60606	1434290
60664	1435980
60660	1436557
60731	1435679
60791	1433817
60748	1430352
60750	1428220
60647	1427029
60512	1429688
60492	1428585
60532	1429337
60674	1426224
60613	1426869
60541	1427148
60474	1426669
60449	1428494
60475	1430591
60515	1432384
60588	1433239
60506	1435265
60322	1435023
60381	1435310
60409	1436041
60522	1440855
60505	1441772
60472	1442868
60518	1443239
60533	1443211
60478	1445317
60434	1448071
60567	1448482
60529	1447502
60585	1443689
60665	1444463
60766	1443256
60771	1442256
60805	1440466
60737	1439904
60829	1437907
60816	1437797
60715	1435859
60576	1432785
60540	1433762
60492	1432490
60614	1432568
60549	1432934
60564	1434756
60630	1432713
60697	1431695
60652	1430435
60668	1433175
60663	1432182
60558	1433105
60476	1434834
60339	1436952
60264	1439585
60396	1440342
60470	1437909
60420	1438669
60489	1441564
60510	1445964
60532	1448324
60534	1448661
60600	1450811
60669	1448544
60625	1448153
60583	1445360
60442	1445795
60484	1448354
60626	1450967
60689	1449473
60755	1448272
60629	1448027
60573	1447583
60642	1445208
60568	1445893
60682	1446849
60669	1446139
60733	1446444
60619	1445104
60571	1444092
60555	1444701
60592	1445904
60629	1447348
60467	1448411
60401	1449205
60554	1450182
60498	1449802
60534	1451330
60541	1452763
60656	1452039
60672	1451391
60774	1450117
60767	1450088
60752	1450780
60682	1452836
60566	1451157
60575	1448686
60690	1448453
60715	1446514
60664	1446084
60665	1443364
60695	1444941
60714	1444650
60775	1446108
60724	1446428
60734	1444146
60691	1439681
60655	1437326
60609	1438815
60709	1437752
60685	1439129
60629	1438819
60720	1438691
60646	1438794
60558	1440406
60479	1441551
60391	1441287
60410	1443217
60496	1445051
60592	1444997
60562	1444342
60615	1447755
60580	1448005
60583	1448456
60654	1450834
60671	1450370
60606	1450204
60542	1449994
60586	1448363
60608	1446849
