6883	133488
12368	284529
18480	428021
24557	571000
30600	714309
36611	857996
42667	1000501
48644	1144646
54669	1287836
60694	1430578
66677	1574721
72718	1717473
78680	1861802
84647	2006283
90726	2148171
91136	2157012
90912	2147589
90861	2148038
90873	2148334
90863	2148161
90869	2147109
90923	2146997
90846	2146696
90839	2146826
90835	2147669
90850	2145328
90907	2144679
90891	2141778
90736	2141872
90786	2142554
90824	2142507
90907	2142797
90861	2141622
90839	2141414
90703	2144066
90668	2145836
90638	2147623
90588	2147632
90641	2146071
90619	2145565
90709	2146247
90731	2147878
90821	2149399
90816	2146468
90890	2145571
90965	2145230
90906	2149166
90936	2149548
90976	2148666
90991	2143148
90858	2143243
90797	2141843
90677	2142293
90694	2144401
90669	2144933
90656	2146360
90535	2147955
90506	2149374
90574	2150995
90610	2153918
90602	2157645
90511	2155943
90521	2157055
90524	2160246
90574	2167018
90582	2166496
90667	2168074
90772	2165366
90860	2163960
90929	2163836
91006	2162795
90989	2160899
91002	2159753
91031	2160836
91036	2159312
90945	2158064
90980	2156524
90991	2155110
90913	2153691
90832	2148450
90866	2145910
90751	2146045
90812	2147736
90776	2149825
90672	2151964
90599	2155273
90574	2156463
90653	2155538
90597	2155682
90588	2157299
90473	2159177
90442	2162868
90478	2164944
90546	2164210
90632	2166961
90744	2170515
90665	2173040
90795	2173019
90848	2172583
90840	2170873
90742	2170144
90724	2170688
90831	2172739
90870	2172478
90907	2171799
90854	2169774
90792	2167727
90758	2167674
90797	2169703
90774	2170112
90657	2172730
90550	2171045
90601	2172595
90610	2174293
90646	2175479
90697	2173203
90729	2172053
90780	2171764
90773	2173180
90721	2176345
90736	2177505
90859	2176250
90923	2175026
90940	2173766
91024	2171762
90849	2170333
90878	2167912
90825	2168549
90822	2166301
90872	2163372
90927	2163917
90963	2163560
90986	2163220
90909	2162156
90826	2157828
90699	2157855
90656	2160578
90620	2162543
90586	2163529
90655	2165037
90623	2161959
90589	2165174
90498	2164935
90549	2165367
90602	2168984
90622	2170200
90631	2171914
90692	2172845
90754	2171780
