3310	49204
5589	117773
8433	188482
11096	266532
14122	339557
17157	411736
20205	483208
23247	554729
26256	626651
29286	698221
32314	769684
35301	842053
38351	912895
41368	984538
44376	1056244
45248	1079570
45416	1082788
45503	1083787
45295	1076821
45238	1075651
45209	1075469
45187	1076483
45238	1075676
45209	1075754
45214	1075718
45182	1077094
45154	1076645
45176	1077982
45229	1077150
45247	1076964
45226	1075735
45246	1075116
45264	1074394
45316	1074281
45309	1073766
45253	1074178
45239	1072860
45275	1073671
45244	1073544
45234	1073743
45146	1073225
45187	1071638
45156	1070773
45200	1070737
45178	1071022
45142	1072216
45115	1073449
45149	1073739
45202	1073815
45170	1075046
45163	1073523
45211	1073279
45248	1072621
45235	1072009
45266	1070701
45234	1069510
45234	1071397
45195	1072519
45236	1072905
45214	1072712
45175	1071704
45167	1069935
45205	1068936
45224	1068963
45139	1068404
45121	1069724
45144	1069990
45177	1070317
45151	1071216
45101	1074611
45140	1075031
45062	1075643
45002	1075422
44992	1076548
45018	1076326
44997	1077524
45075	1078148
45195	1078629
45229	1079648
45286	1078010
45279	1077499
45336	1077596
45342	1078699
45349	1077828
45235	1076469
45285	1075714
45268	1073972
45264	1072504
45239	1071327
45273	1070668
45224	1069122
45233	1068872
45264	1069284
45093	1071866
45126	1073375
45142	1072800
45153	1072951
45146	1071341
45062	1073598
45213	1068075
45194	1069374
45153	1070772
45188	1071263
45193	1071658
45201	1073020
45200	1073947
45191	1075549
45220	1076199
45099	1073082
45065	1073496
45136	1072578
45063	1074606
45077	1076179
44944	1075781
45096	1082022
45125	1081345
45143	1080164
45182	1080738
45159	1082104
45160	1082117
45151	1082459
45108	1082669
45123	1082944
45141	1083799
45143	1083644
45232	1085623
45189	1084527
45172	1085099
45045	1086538
44991	1086295
45060	1086642
45135	1087212
45188	1087461
45143	1087729
45284	1084861
45287	1084630
45296	1083332
45346	1082222
45337	1081719
45359	1081210
45374	1080685
45410	1079182
45339	1079124
45237	1075980
45222	1073819
45183	1074492
45173	1074271
45113	1074849
45057	1073120
45153	1075603
45122	1075303
45098	1076267
45139	1076778
45151	1076202
45205	1075186
45176	1075847
45204	1077110
45170	1076179
45192	1076244
45277	1076057
45308	1073785
45316	1073657
45251	1072800
45224	1073855
45196	1074259
45191	1074048
45146	1073165
45104	1074210
45042	1076165
45076	1077897
44928	1080420
44924	1080224
44900	1081229
44926	1081617
45006	1082755
45168	1083076
45220	1083207
45208	1084257
45242	1083289
45210	1084149
45189	1086084
45205	1087643
45210	1087513
45109	1088293
45157	1087698
45031	1085875
45109	1085064
45081	1084349
45081	1084942
45109	1085467
45226	1086456
45248	1087684
45178	1088634
45179	1091021
45208	1089630
45200	1087797
45191	1086850
45208	1086633
45143	1084666
45218	1084217
45136	1084860
45200	1085911
45171	1087069
45179	1086501
45244	1085248
45245	1087149
45257	1085800
45183	1084757
45143	1082329
45146	1083518
45160	1083949
45164	1083722
45169	1083727
45192	1083705
45211	1085296
45160	1083906
45157	1084406
45099	1083860
45144	1083442
45152	1085947
45053	1086587
45046	1088727
45003	1089453
45084	1089975
45117	1088877
45113	1089835
45136	1090810
45134	1091779
45186	1091884
45157	1092148
45230	1091353
45294	1089839
45252	1090598
45392	1089628
45382	1088146
45314	1086671
45265	1085377
45174	1085301
45175	1086111
45135	1088780
45136	1087527
45064	1088482
45073	1086920
45133	1086085
45120	1084598
45171	1085148
45259	1085322
45194	1084376
45330	1085033
45347	1085052
45335	1084942
45285	1086112
45284	1083948
45274	1083043
45168	1081328
45137	1082504
45076	1080508
45109	1080432
45171	1080425
45216	1079825
45202	1080143
45259	1080080
45221	1079706
45267	1080188
45308	1079183
45258	1079474
45180	1078162
45194	1079099
45203	1078894
45185	1077801
45058	1078401
45063	1078358
45061	1079073
45032	1081277
45049	1083081
45035	1083430
45064	1084724
45045	1085316
45082	1085851
45143	1087249
45175	1085935
45204	1085367
45232	1085074
45174	1087680
45233	1088154
45152	1087557
45207	1087487
45224	1087548
45155	1087133
45119	1087235
45119	1086963
45115	1086627
45073	1086924
45083	1087088
45064	1087838
45147	1088215
45219	1088166
45271	1088348
45225	1085795
