2685	35877
4562	88602
6786	148334
9143	208513
11343	274907
13878	335350
16416	395421
18943	455319
21499	514530
24024	574352
26522	634625
29045	694332
30022	717596
30347	724911
30388	725273
30452	724230
30223	717324
30190	716780
30148	717146
30125	717338
30147	717829
30166	717508
30154	716600
30149	716708
30142	718201
30142	717861
30156	716926
30195	717351
30199	717991
30194	717859
30141	717796
30138	717419
30102	718419
30112	718948
30186	718295
30177	718387
30169	716971
30170	716900
30240	716488
30279	715855
30271	715151
30250	715212
30193	714861
30196	714752
30162	713349
30098	713613
30141	714186
30095	714360
30077	715533
30115	714533
30165	715110
30195	715511
30212	715398
30204	715109
30136	715872
30134	716132
30143	717015
30140	715991
30174	715912
30112	716525
30132	714798
30169	715764
30193	715869
30231	715313
30253	715427
30287	714487
30246	712851
30179	713243
30128	712951
30111	713788
30127	713968
30060	713177
30093	714059
30139	712945
30141	712938
30201	712890
30191	713093
30224	714102
30234	714835
30200	714074
30187	713500
30122	713647
30097	714338
29996	716261
30008	716393
30052	717797
30050	718700
30071	720744
30084	721402
30138	720981
30121	721881
30175	721922
30235	721953
30297	720371
30276	720801
30249	717465
30243	718000
30261	717322
30234	716691
30166	716050
30140	715061
30120	716344
30074	714929
30094	714627
30116	714397
30188	714474
30157	713165
30213	713775
30188	712913
30223	712488
30211	712274
30158	712011
30045	714996
29985	714502
29985	714857
29996	715221
30048	714688
30060	715917
30029	717745
30254	713602
30233	714525
30255	715408
30224	716676
30231	716245
30119	713350
30077	713282
30036	713601
29994	714397
30017	716099
29999	715670
29945	714310
30099	719834
30146	717928
30140	718472
30051	718809
30045	720132
30053	721369
30018	722705
30054	722122
30055	721580
30102	720062
30093	721261
30099	722085
30078	721818
30146	724024
30151	724256
30096	723980
30068	723608
30073	722728
30032	721454
30049	722238
30076	722470
30123	724210
30073	724863
30005	726403
30004	727052
30045	726022
30080	725456
30055	725271
30077	724831
30090	726000
30237	723051
30233	723148
30261	722794
30280	721674
30268	719313
30171	717415
30127	716397
30102	717368
30155	715882
30116	714940
30044	715898
30010	713929
30153	715818
30088	716019
30092	715861
30040	717443
30103	717577
30091	717239
30068	717205
30030	716570
30068	718670
30065	719312
30050	717512
30100	718138
30188	717783
30139	717328
30143	717759
30068	717241
30097	717964
30129	717266
30162	716136
30200	714777
30159	713884
30138	712567
30113	713838
30066	714899
30097	716517
30070	716476
30078	715437
30007	715503
29966	716029
29933	717949
29965	719690
29958	722973
29971	724242
30029	725655
29998	726630
30049	724938
30068	724871
30155	723447
30268	723777
30277	722990
30226	723861
30225	722423
30195	722742
30067	722512
30002	722723
30001	722524
29904	722560
29922	724685
29947	724552
30017	726493
30071	728057
30196	726682
30162	725829
30176	727304
30198	726470
30204	724108
30161	723665
30112	725199
30061	724570
29974	725126
30014	724909
30030	724264
29996	724067
30112	725445
30147	724710
30104	724059
30169	723233
30172	725351
30141	725641
30078	724380
30041	724300
30009	722436
30075	721397
30050	722650
30004	722828
30037	723039
30080	723126
30102	722293
30137	724091
30111	722527
30086	721648
30049	721711
30002	721796
30051	721614
30091	723672
30054	722817
30005	722926
30027	723179
30040	723766
30097	723856
30038	724221
29996	726674
29988	727799
29977	728167
29948	728612
30032	729060
30078	727610
30069	728522
30083	727939
30072	729075
30122	728634
30164	729840
30132	729597
30130	726709
30132	725227
30136	724100
30096	723488
30133	723183
30206	723303
30146	722619
30141	722783
30058	722267
30055	722955
30005	722925
29898	724029
29962	724809
29954	726522
29991	727086
30032	725873
30114	725673
30184	725920
30211	725339
30246	724320
30240	723427
30199	723717
30245	721633
30156	719725
30133	720137
30044	719375
29963	720601
30052	719593
30061	720406
30065	721072
30036	722068
30068	722855
30116	722276
30090	721158
30189	721535
30210	720671
30204	720084
30202	718743
30101	717535
30125	719866
30134	718823
30157	717285
30060	717218
30027	717042
30051	717516
30028	718275
30079	718537
30117	718687
30051	720374
30120	720353
30082	720426
30000	721126
30007	722677
30051	724606
30026	724217
30027	724829
30067	724899
30032	725521
30108	725975
30162	726849
30148	724813
30226	725235
30254	724525
30193	723679
30117	724573
30117	723780
30091	724089
30078	723602
30118	723448
30036	723666
30038	724667
30049	724726
30093	725368
30140	725869
30181	726569
30155	727130
30102	725911
30117	726853
30145	725591
30170	725184
30234	725003
30201	723642
30205	722531
