1212	12903
2228	24850
2892	42285
3786	59963
4406	84932
5201	109816
6132	133304
7071	157082
8020	180995
8966	205279
9909	229793
10740	257480
11624	284958
12670	308586
13694	332511
14073	344016
14571	355799
14842	362373
15133	368664
15122	367962
15138	366740
15220	366736
15279	366726
15315	367013
15336	366761
15321	366837
15228	362649
15070	359597
15115	359286
15098	359790
15101	358907
15123	358795
15116	358862
15123	358687
15088	358584
15073	359368
15092	359908
15119	359758
15117	359254
15115	359039
15072	358675
15104	358678
15070	358382
15098	358859
15068	358394
15093	358588
15072	359742
15062	359777
15078	359968
15065	360086
15057	359140
15043	359232
15061	359566
15069	360002
15102	359746
15104	359158
15133	359498
15138	359059
15133	359561
15137	359393
15161	359355
15077	359663
15075	359357
15074	359349
15058	359188
15069	359977
15085	359206
15101	358894
15110	358377
15119	358888
15122	359372
15118	359757
15152	359593
15147	358891
15129	359615
15133	360152
15068	359540
15074	359693
15081	359636
15085	359255
15051	359577
15075	360293
15081	360922
15099	361388
15100	361311
15110	361146
15148	359872
15186	359903
15206	360286
15183	359903
15187	359282
15160	358820
15161	358648
15158	358708
15171	358788
15152	357877
15163	357096
15143	356593
15123	356522
15130	355793
15126	355404
15147	356554
15168	356586
15161	356389
15109	356760
15111	357126
15092	357326
15080	357541
15076	357374
15080	357375
15087	357522
15107	358169
15125	357895
15099	358108
15112	359138
15116	359741
15133	359097
15164	358992
15171	359163
15124	359086
15111	359362
15091	359261
15071	359557
15109	358968
15133	358562
15143	358481
15154	358263
15171	358780
15161	358282
15141	357736
15133	357136
15154	357391
15159	358024
15159	357945
15142	357322
15098	357522
15066	357790
15044	357479
15064	358173
15080	358819
15065	359523
15064	360149
15077	359724
15110	359516
15123	359564
15140	359979
15172	359762
15164	359601
15156	360063
15152	360633
15138	360087
15159	358802
15150	358933
15186	358023
15156	358395
15144	357521
15106	357490
15123	357547
15158	357228
15159	357104
15164	356551
15154	357252
15166	356739
15135	356320
15121	355224
15137	354528
15170	355075
15128	355216
15142	356350
15090	356059
15081	356651
15054	356331
15022	357596
15054	358031
15067	358253
15075	358915
15078	358196
15101	358638
15086	358928
15119	359394
15160	359940
15180	360279
15171	359979
15187	359216
15206	358292
15183	358279
15179	358059
15164	356354
15173	356251
15165	356133
15155	355558
15154	356087
15112	356811
15097	356332
15098	356416
15051	357548
15068	356860
15045	357080
15084	357006
15106	357728
15086	357589
15084	357655
15116	358338
15138	358680
15123	359278
15123	360185
15138	359738
15066	360132
15036	361480
15059	361454
15023	360797
15073	361334
15076	360979
15104	361956
15088	362513
15096	362637
15122	362555
15120	363201
15131	363625
15119	363536
15110	363304
15150	363603
15139	362157
15102	361196
15128	361180
15089	361992
15112	362150
15144	361923
15144	361778
15145	360923
15145	360805
15170	360750
15179	359583
15169	359060
15162	358528
15135	358536
15126	358823
15155	358895
15163	358227
15171	358162
15103	357479
15101	357194
15109	357481
15095	357168
15103	357314
15097	356967
15087	357490
15086	358604
15091	358699
15097	358878
15084	358824
15093	358149
15092	358787
15106	359392
15104	359901
15091	359443
15124	359164
15138	358972
15138	359203
15152	359143
15194	358660
15171	358614
15177	357260
15178	357138
15172	356922
15151	356785
15183	356713
15151	356447
15155	355781
15128	355262
15144	354582
15128	355498
15136	355329
15121	354904
15119	354927
15137	355365
15094	355233
15126	355666
15101	356227
15058	357193
14989	358581
14985	359779
15002	359304
15028	359950
15015	360808
15055	361487
15063	360870
15108	360826
15119	361559
15161	361195
15182	361493
15218	360685
15252	360915
15257	360234
15200	360421
15111	359765
15074	359435
15073	360412
15499	360186
15257	354358
15212	354988
15204	355091
15200	355627
15160	355118
15153	355926
15124	356349
15131	357344
15137	357282
15160	357251
15100	356457
15052	355464
15016	355129
14975	354477
14956	354681
15150	360401
15144	359402
15127	360148
15124	360341
15126	360652
15118	360569
15084	360733
15084	360360
15100	360501
15128	360823
15127	360718
15143	361014
15168	360738
15162	361362
15166	361389
15158	360738
15198	360705
15202	359430
15200	359068
15173	359186
15142	359643
15086	360002
15081	360286
15080	360606
15064	361193
15049	361688
15036	362199
15074	362361
15079	361683
15033	363161
15046	363609
15093	364015
15162	364204
15203	364156
15214	363902
15221	363188
15211	361897
15229	361324
15224	361321
15186	361318
15170	361031
15140	360651
15137	361240
15153	361604
15083	360313
15083	359803
15051	360842
15090	361189
15084	362004
15092	362173
15113	362275
15120	363322
15131	364218
15168	363592
15153	363384
15141	363750
15154	363498
15162	363011
15172	362811
15181	362580
15194	362970
15156	362539
15174	362891
15174	362085
15176	362005
15184	362154
15140	362180
15122	361934
15147	362461
15115	363040
15078	363099
15059	364082
15051	365263
15062	365818
15088	366098
15104	365933
15114	365474
15142	365185
15163	365866
15199	365491
15239	365053
15225	364729
15225	364940
15245	364911
15246	363824
15214	363822
15182	363290
15141	362536
15258	358628
15217	358759
15199	359049
15189	359032
15182	359296
15162	358737
15165	358997
15193	358943
15154	358985
15140	358193
15154	357565
15166	357489
15147	356471
15094	356398
15012	357115
15176	360027
15166	359525
15150	359283
15129	359676
15128	359348
15173	358424
15175	358163
15189	358373
15141	358248
15159	358332
15138	359713
15118	360677
15159	360731
15171	359796
15130	358551
15142	359000
15166	358390
15146	358744
15089	358877
15119	358275
15136	359807
15167	359702
15166	359974
15128	360375
15134	360850
15101	360061
15091	358962
15106	359199
15123	359958
15138	359908
15138	359674
15158	360531
15148	360049
15133	359407
15144	360674
15104	360634
15127	360992
15139	360676
15087	360720
15085	360476
15115	359736
15138	360046
15148	359902
15145	359747
15154	360033
15191	359681
15204	358922
15200	359029
15190	359265
15153	359075
15128	358477
15119	358606
15115	358924
15067	358481
15058	358710
15096	359225
15085	359605
15090	359891
15113	359374
15114	359137
15177	358787
15207	359214
15205	359180
15229	358147
15222	357261
15185	358005
15204	357029
15182	356808
15168	356135
15135	356013
15122	356361
15087	356148
15042	356595
15044	357352
15025	357758
15023	359484
15043	359245
15046	359161
15065	360680
15133	360222
15121	359053
15154	359947
15151	360259
15145	361198
15131	361570
15144	361137
15133	361523
15117	361125
15072	361951
15064	361975
15041	361282
15058	362013
15054	362657
15023	362526
15006	365620
15076	365711
15091	365967
15113	366038
15111	365676
15108	365740
15135	366340
15118	366783
15153	366581
15154	365084
15192	364382
15190	364779
15196	364380
15216	363337
15222	362441
15159	359929
15209	359738
15188	359565
15164	359480
15153	359206
15108	359097
15061	359442
15006	358890
15010	358855
15043	358952
15042	359717
15015	359246
14975	360088
14980	361114
14966	362303
14986	363162
15008	364483
15011	364803
15018	365008
15069	364740
15051	365089
15051	364426
15024	365070
15038	365883
15063	366905
15095	366354
15127	366496
15124	365829
15122	365637
15112	365096
15101	365220
15085	364951
15092	364621
15147	363072
15194	363139
15167	362580
15168	363109
15153	361820
15108	361724
15070	361377
15074	361943
15071	362029
15086	361793
15104	361060
15110	360611
15087	360242
15065	359929
15052	360149
15090	361811
15082	363100
15073	363313
15045	363426
15066	363997
15055	363501
14992	364846
14999	364509
15035	363824
15048	364315
15109	364397
15128	364914
15156	364719
15151	365254
15161	365086
15186	364197
15144	363709
15174	362766
15150	362477
15157	362169
15158	362295
15081	360732
15107	360270
15140	360399
15122	360217
15105	361407
15070	361761
15060	362202
15036	361698
15035	361663
15061	362041
15022	362189
15035	363472
15033	363402
15049	363625
15065	363383
15085	363183
15142	363259
15187	363290
15202	363154
15182	362302
15134	362362
15097	362740
15092	362980
15093	362967
15148	362102
15094	362456
15076	361753
15074	361527
15081	361230
15067	361775
15111	361109
15126	361921
15134	362544
15138	362818
15153	362916
15149	361836
15105	361540
15110	360807
15092	361100
15121	362370
15103	361124
15079	361729
15089	361625
15084	362362
15083	361734
15122	362467
15108	362295
15106	362031
15079	362405
15101	362006
15113	362769
15095	362558
15119	363140
15094	363259
15099	362806
15105	363710
15072	363587
15104	363280
15090	362820
15122	362925
15149	362723
15131	363098
15116	363704
15096	363351
15082	364821
15056	365337
15071	365182
15053	365876
15041	365871
15059	366306
15059	365781
15049	365917
15061	367079
15084	367121
15124	367253
15181	367437
15193	366787
15203	366050
15221	365805
15169	365541
15151	364789
15171	364820
15144	364236
15139	363862
15134	363834
15116	364522
15097	364247
15074	363616
15097	363181
15095	363465
15106	363963
15104	364555
15131	364755
15150	364841
15147	363692
15161	363567
15164	363741
15171	363395
15205	362808
15195	362606
15177	361615
15130	362269
15132	362201
15178	361954
15192	361214
15161	361188
15152	360378
15145	360204
15128	360134
15144	360290
15124	360711
15098	360727
15078	361233
15109	361522
15082	362129
15081	362779
15038	362107
15044	362023
15055	363143
15088	363514
15066	363829
15073	364683
15047	366114
15059	366336
15106	366204
15102	366141
15132	365588
15090	366455
15102	367268
15117	366384
15114	366151
15135	365755
15172	365604
15192	364546
15225	364238
15221	363606
15236	362500
15169	361558
15156	361332
15172	361630
15172	361041
15180	361571
15141	359865
15115	358929
15119	358992
15093	358986
15071	359429
15040	360328
15072	360545
15112	360265
15130	359593
15159	359928
15103	360181
15110	359812
15090	360166
15088	360669
15080	360281
15087	360886
15079	361871
15049	363161
15042	363277
15027	363184
15072	360689
15080	361088
15119	361595
15134	362625
15157	362724
15128	362419
15146	363005
15126	362919
15107	363091
15117	363345
15127	363070
15091	362858
15083	360962
15064	360725
15049	360444
15137	362063
15143	361789
15180	361320
15171	360683
15203	360159
15191	359644
15168	359540
15147	359089
15108	358825
15093	358673
15121	357923
15070	357739
15073	358781
15062	358565
15032	358968
15035	359127
15018	359711
15073	359442
15073	359654
15114	360004
15148	359526
15112	359803
15122	359778
15086	360252
15077	360449
15108	361275
15100	361071
15098	360536
15102	360482
15071	360546
15054	361002
15039	360304
15082	360925
15102	360468
15112	360815
15147	361327
15132	361009
15109	362020
15060	362003
15056	361880
15082	361401
15074	361600
15084	361845
15111	361682
15068	362016
15026	362304
15030	362939
15040	363588
15065	364363
15070	364714
15082	365192
15103	365132
15072	364755
15073	363944
15069	364366
15095	365215
15112	364737
15133	364798
15158	365413
15126	365217
15104	364807
15071	365327
15104	364247
15102	364093
15080	364113
15096	363378
15114	363155
15105	362579
15125	362780
15130	361870
15125	361222
15116	361868
15119	361592
15114	361129
15088	360531
15059	360652
14991	360479
14991	361937
14979	362110
14955	362053
14995	362169
15009	362233
15019	362458
14994	363305
15003	364315
15043	364363
15049	363838
15083	363871
15099	364420
15111	364763
15094	364821
15070	364562
15052	363825
15037	363981
15013	364353
15056	364406
15086	364388
15087	364594
15060	363928
15041	363473
15070	363524
15079	363889
15092	364244
15093	364097
15062	364724
15064	364268
15067	363556
15085	363394
15017	364450
14990	364174
15019	364493
15068	364126
15067	363744
15076	363406
15082	363463
15108	363520
15097	363636
15112	363202
15146	362285
15104	361652
15105	361582
15111	362060
15123	362163
15079	360117
