1020	22865
2018	46541
3017	70576
4016	94678
5003	118992
6023	142818
7049	166287
8021	190851
9051	214225
10060	238032
11083	261390
12065	285611
13079	309127
14073	333169
15059	357376
15119	357703
15124	357876
15106	357764
15100	357385
15082	356720
15102	356136
15097	356637
15080	355496
15104	355600
15095	355623
15103	356200
15105	354988
15132	354696
15102	354715
15084	353937
15122	353876
15114	353341
15124	352281
15133	351574
15118	351468
15138	351547
15110	351028
15108	351003
15102	350990
15069	350646
15032	350084
15012	351116
15014	351566
14998	350591
14964	351262
14993	351207
15008	351086
15042	351468
15095	350880
15081	350950
15067	351532
15077	351363
15058	351876
15056	351844
15060	351835
15075	351588
15050	350907
15010	351407
14975	353010
14902	353534
14917	354230
14959	354118
14984	354276
15048	355154
15050	355382
15050	354861
15087	354682
15076	354324
15059	355233
15052	355930
15097	356158
15137	356033
15120	355444
15075	354389
15036	353270
15024	353178
15061	353351
15080	353214
15080	353821
15070	353470
15183	350917
15178	351609
15179	351178
15133	350384
15089	349723
15072	350044
15064	350448
15041	350731
15046	349908
15013	350418
15004	350051
15016	349955
15018	349953
14975	349808
14947	350126
15078	352316
15054	352164
15053	353082
15070	352525
15057	352858
15063	352431
15043	352590
15044	351831
15083	352096
15028	352414
15043	352455
15059	352793
15088	352721
15083	352353
15054	352363
15097	352258
15078	352354
15082	351037
15107	351319
15058	351658
15042	352440
15023	352215
15022	353107
15005	354428
14953	354292
14951	354764
14977	354364
14993	355008
15010	355235
15002	355180
15072	354993
15080	354485
15117	355449
15147	355563
15149	354471
15129	354058
15141	353856
15121	353530
15071	352934
15027	352603
15024	352100
15046	352552
15020	352517
15010	352565
15001	352338
15028	353315
15039	353769
15059	353032
15053	353326
15089	353494
15100	353070
15108	353317
15103	353069
15087	352898
15069	352577
15099	352207
15117	351693
15081	351864
15075	351636
15042	352269
15008	352657
15018	351876
15059	351975
15032	352162
15018	352898
15040	352998
15041	352868
15036	353156
15022	353352
15004	353713
15035	354379
15066	354857
15058	354252
15085	353997
15075	353022
15038	352727
15118	352273
15131	352957
15119	352648
15084	352168
15104	351962
15119	351712
15134	350632
15107	350295
15040	350574
15026	350395
15001	350708
15003	350683
14991	351539
15010	351601
14996	351278
15061	351722
15043	351602
15028	351730
15012	351889
15023	352510
15020	353188
15083	353662
15049	354684
15021	354291
15036	354370
14997	354717
15008	355014
14983	354664
14969	355761
14987	355917
15062	355840
15074	355911
15117	354887
15125	354589
15138	354216
15130	353696
15152	354223
15102	353497
15090	353448
15101	353324
15065	352922
15031	353388
15056	352548
15012	351780
15010	351438
15048	351883
15017	352057
15043	353144
15062	352931
15059	353407
15045	354160
15032	354602
15024	354422
15001	354838
15042	354467
15031	354445
15012	353921
15043	354672
15050	354639
15081	354537
15107	354659
15136	353448
15127	353228
15137	353892
15146	353219
15146	352027
15092	352062
15093	351753
15051	351336
15090	351297
15073	350922
15054	350885
15048	350519
15017	350918
15000	351847
14978	352411
14998	353760
14986	354312
14968	354250
15010	354208
15047	354657
15032	354115
15041	354593
15057	354001
15072	354880
15104	354815
15095	355158
15109	355601
15162	353666
15149	352866
15101	353056
15080	352613
15064	351714
15037	351718
15088	351258
15104	350929
15113	350350
15119	349416
15097	350108
15073	349692
15053	350198
15039	349471
14995	349851
15035	351644
15050	351539
15030	350494
15004	350691
15030	350713
14999	350540
15042	350973
15050	351406
15074	351690
14990	355115
14818	359250
14623	365317
14468	370570
14382	376352
14351	379428
14345	382729
14408	386167
14471	390284
14531	393658
14622	397714
14729	400981
14861	404960
14985	408905
15119	413437
15193	413996
15197	413232
15114	411433
15082	408995
15024	407115
15042	406461
15061	405836
15087	405960
15110	405044
15125	404273
15090	404485
15088	404801
15097	404407
15050	404606
15012	403860
15011	404144
15008	403686
14984	402635
14979	403190
14977	402942
14982	403693
14985	404563
14994	404726
15039	404953
15050	406178
15059	404951
15061	404594
15061	405245
15024	404924
15029	404551
15021	404443
15022	404901
15024	405545
15026	405241
15033	405395
15030	405034
15029	404337
15012	404832
15014	405803
15013	404814
15033	405887
15045	406065
15027	405982
15031	405279
15033	405888
15020	406298
15013	406241
14993	406323
14993	406781
14992	407158
14984	407828
15023	407878
15020	407395
15002	407121
15046	406981
15044	406752
15055	406790
15027	407438
15045	408045
15053	407633
15082	406171
15098	405511
15068	405542
15043	405609
15039	405014
15017	404439
15029	404818
15032	404857
15027	404342
15033	405168
15002	405930
15017	405660
14972	405089
14964	404940
14966	405124
14997	406531
15024	407357
15010	407145
15008	406703
15024	406927
15052	406510
15063	406281
15074	406363
15093	406690
15070	406943
15059	405666
15081	405487
15062	405381
15084	404692
15091	404426
15071	404109
15060	403588
15038	403503
15040	403216
15047	402927
15064	403073
15036	403874
15028	403839
15009	404111
15013	402770
15009	403356
14997	404182
14965	404518
15016	404370
15008	404940
15027	404392
15044	404162
15031	404027
15041	404252
15042	404828
15061	404949
15055	403656
15056	403459
15021	403543
15027	404861
15002	405134
14983	404735
14948	404492
14982	405183
14977	404517
14976	405647
14984	406410
14991	406568
14998	406829
15002	406539
15019	406719
15051	407503
15069	407727
15081	406806
15076	406024
15075	405279
15070	405476
15047	405639
15069	405247
15092	405172
15076	404389
15064	403745
15054	403508
15028	403669
15067	402562
15182	398991
15273	395324
15345	391956
15426	389071
15488	385778
15538	382575
15566	378443
15543	374581
15548	371336
15519	368202
15450	365057
15415	361145
15287	358325
15153	354469
15054	352064
15066	351979
15060	352198
15066	351507
15066	351082
15059	351221
15070	350758
15084	350938
15065	350969
15077	350801
15066	350849
15059	350262
15086	350861
15034	350716
15038	350516
15031	350525
15006	351166
14978	351248
14989	351799
14995	352285
14988	352345
15034	352293
15027	352907
15019	353021
15019	353832
15056	353118
15097	352965
15113	353010
15103	352348
15124	352242
15123	352320
15118	351402
15119	350594
15068	351490
15059	351162
15027	351380
15031	352421
14992	352523
14975	352479
14916	352850
14952	353595
15021	353317
15014	353780
15008	354562
15012	355298
15025	355296
15087	355134
15106	356133
15097	354991
15107	355402
15121	354860
15119	353971
15089	353743
15104	353221
15054	352761
15008	353833
15058	354655
15051	354255
15049	353290
15053	352522
15052	352437
15076	353292
15050	352941
15056	353204
15049	353011
15034	353930
15057	354254
15074	353618
15077	354460
15088	353765
15040	352596
15035	352574
15016	353059
15021	353942
15078	353813
15094	353538
15062	353912
15066	353582
15082	353304
15094	352964
15069	351968
15074	351993
15105	351969
15074	351422
15091	351626
15088	351571
15103	351149
15106	349899
15062	349607
15063	350361
15067	350620
15045	349483
15016	350138
15009	350503
15015	350773
15026	350872
15013	351046
14996	352298
15009	351971
14999	352476
15009	352306
15016	353092
15080	353363
15068	353437
15065	353240
15071	353294
15085	353917
15093	353018
15078	353130
15093	352879
15110	352878
15096	352832
15052	352040
15034	353142
15007	353201
15036	353265
15035	352696
15067	353028
15035	353214
15017	353753
15014	354003
15018	353718
15080	353357
15053	353534
15063	354168
15099	353966
15095	353983
15111	353595
15071	353139
15071	352352
15067	352868
15090	352687
15082	353391
15018	354147
15000	353489
14988	353294
15002	353424
15021	354834
15006	354805
15012	354337
15049	354441
15032	354939
15048	355502
15071	354751
15087	355357
15088	355061
15108	355852
15110	355305
15083	353768
15081	354125
15070	354567
15084	354615
15072	353813
15045	353685
15056	353932
15096	353660
15089	352651
15095	351944
15110	352332
15092	352378
15101	352067
15125	350701
15136	350215
15150	350392
15146	349659
15104	349187
15089	349065
15094	348957
15052	348862
15028	348731
15054	348674
15073	348538
15067	349133
15046	349301
15021	348767
15025	348583
15046	349512
15021	350692
15028	350684
15033	351215
15029	351085
15016	351405
15006	352122
15001	351646
14994	351548
15023	351969
15051	352518
15069	351925
15040	352319
15058	352547
15082	352842
15087	352845
15070	351860
15066	352175
15069	351845
15098	351274
15081	351073
15053	350785
15054	351063
15035	351451
15061	350980
15045	351208
15070	351361
15060	350471
15061	350289
15071	350050
15054	350379
15048	350795
15021	350792
15047	350520
15086	350658
15066	350890
15074	350324
15056	350361
15025	350275
15029	351269
15003	351084
15035	350862
15037	351552
15017	352299
15019	353087
15014	352710
14990	353140
14985	352888
15013	353450
15026	354337
15012	354399
15044	354798
15057	354675
15077	354045
15094	353109
15111	352509
15119	353461
15102	353508
15086	352857
15060	352591
15078	352461
15035	352362
15065	351949
15086	351306
15057	351208
15041	350899
15053	350535
15052	350654
15073	350741
15073	351820
15087	352596
15052	352574
15028	352397
15003	353061
14985	353308
15018	353113
14992	352890
15001	353858
15030	354599
15014	354758
15047	354247
15084	354342
15108	353977
15135	354256
15149	353110
15164	352428
15149	352031
15143	351747
15121	350977
15103	350335
15120	350531
15063	351171
15014	351276
14987	351215
14959	350973
14979	351243
15031	350422
15033	350955
15063	350281
15077	350895
15079	351629
15096	351104
15080	351631
15082	351861
15072	352546
15075	353034
15027	352467
14996	352032
14984	352172
14976	351897
14968	352463
15031	353216
15024	353185
15068	353749
15087	353684
15089	353212
15113	353934
15117	353246
15133	352856
15130	352021
15127	351383
15118	350914
15093	350876
15067	350868
15073	350692
15035	350612
15027	351317
15008	351319
14998	351692
14998	352017
15007	352178
15012	351571
15031	351602
15031	352250
15060	352450
15096	352351
15086	352995
15072	353226
15094	352436
15093	353035
15061	353431
15046	353033
15023	353290
15026	352820
15052	351873
15056	351867
15054	352878
15056	353500
15049	353154
15068	353283
15081	354028
15060	353733
15056	353221
15089	353659
15099	352974
15127	350836
15123	350643
15105	349952
15102	350213
15141	350485
15131	350545
15075	350371
15031	350331
15000	350970
15014	350468
15009	349857
14997	349264
14996	349413
14969	349891
14980	350225
15018	352248
15042	352123
15065	352187
15073	352016
15092	352350
15095	352303
15068	352055
15043	351868
15012	351319
15018	352256
15017	352955
15064	352765
15051	353102
15020	353216
15026	353332
15008	352662
15043	352790
15059	352914
15052	353681
15073	353467
15083	353347
15062	353624
15075	353239
15057	353713
15039	353489
15019	353425
15069	353762
15070	353265
15085	352077
15084	351868
15089	351892
15126	351560
15119	351728
15092	351096
15106	351241
15095	351688
15074	351066
15080	351231
15071	350050
15050	350150
15001	350461
15014	350412
15001	350857
15052	350846
15070	350528
15075	350389
15084	351149
15090	350598
15116	349883
15095	350203
15051	350300
15019	351126
15005	351544
15001	353041
14993	352864
14965	352310
14981	352560
14978	352054
14997	353103
15020	353373
15041	353524
15027	353755
15062	354115
15126	354479
15137	354175
15105	354358
15103	353144
15092	352815
15054	352179
15032	352495
15051	352035
15077	351522
15072	352125
15035	352286
15052	352143
15051	352329
15021	352269
15022	352474
15071	352184
15051	352820
15042	351973
15064	352610
15061	352767
15058	352487
15055	351849
15088	351930
15129	352039
15107	351865
15019	353033
15052	352909
15064	352450
15051	352117
15045	352041
15057	353152
15036	352685
15059	352628
15057	352551
15039	352596
15034	352918
15061	353060
15078	353374
15115	353764
15090	354128
15018	352799
15053	352836
15089	352836
15076	353078
15066	353288
15026	353480
15040	353420
15081	353214
15105	352717
15083	352835
15088	352226
15088	352577
15090	352614
15119	352124
15103	351326
15080	350970
15072	351668
15092	351890
15076	351628
15067	351187
15020	350746
15029	350529
15074	350200
15092	350503
15062	350205
15077	350331
15077	349423
15050	349489
15036	350717
15055	350542
15035	350948
15031	350235
15013	350633
14983	351121
14980	351451
14933	352005
14972	351596
14989	353144
15017	353026
15039	352348
15047	352862
15072	353745
15049	354311
15053	353049
15072	353619
15055	353479
15086	353680
15093	353304
15075	352638
15094	351979
15057	351260
15074	352244
15082	350772
15098	350828
15130	351255
15135	350344
15101	350367
15034	350300
15065	350709
15037	350758
15016	350545
15018	350669
15010	350762
15019	350674
15056	350686
14987	352134
14971	351899
14997	352758
14998	353427
15029	353310
15082	353738
15076	353592
15046	353316
15084	352939
15104	352094
15098	352082
15104	351802
15116	351673
15137	351501
15149	352186
15070	350986
15066	350707
15053	350683
15003	350626
14980	351605
14970	352281
14957	352461
14953	351905
14944	353295
14981	354105
14961	354731
14987	355169
14977	356196
15022	356562
15045	356224
15066	355788
15096	356021
15122	355873
15115	355796
15070	356076
15042	356299
15044	356156
15093	356073
15077	355227
15108	354620
15098	353825
15076	354555
15040	353990
15085	353236
15103	353317
15133	353173
15137	353214
15178	352532
15173	352158
15133	351046
15072	350626
15056	350548
14997	352284
15025	351653
15030	352461
15015	353100
14971	352413
14958	352163
14990	353257
15019	352956
14995	354315
15007	354279
15079	354436
15107	354272
15139	354041
15131	353901
15145	353648
15096	352043
15141	352285
15142	351498
15117	350970
15090	351135
15084	351052
15057	350950
15070	351277
15008	350354
15013	349822
15013	350758
14997	351393
15026	351544
15017	351322
15003	351870
15008	352127
15029	352576
15030	353517
15055	353224
15057	352612
15059	352699
15077	352029
15078	352101
15059	352395
15084	352867
15091	352160
15081	351588
14965	354843
14853	358155
14723	361521
14609	365733
14555	369071
14493	372088
14468	376333
14503	379750
14515	383172
14587	386704
14637	390261
14700	393188
14780	396757
14889	400905
15023	404398
15056	404608
15079	404474
15052	404738
14991	404852
15011	404594
15011	404610
14977	404689
15014	404554
14987	405293
15016	405439
15050	404370
15062	404322
15054	404283
15051	403812
15054	403980
15045	404672
15087	404353
15057	404133
15021	403339
15022	403835
15003	404095
14970	403991
14965	405132
14949	404164
14952	404756
14986	405882
14994	406335
15009	406159
15043	405934
15066	405397
15040	405334
15047	406735
15060	406199
15068	405988
15050	406471
15038	406339
15028	406021
15025	404790
15035	405216
15035	404676
15029	404515
15001	404750
14978	405678
15010	405822
15029	406588
15025	406297
15056	404080
15066	404358
15070	404453
15037	404129
15025	404000
14997	404686
15022	405348
15028	405089
15040	405368
15033	405650
15013	405251
14990	404412
14999	404731
14965	405186
14954	405560
15029	406802
15021	407268
15043	407036
15020	407334
15044	406975
15017	406428
15024	406421
15042	406272
15056	406214
15058	405815
15029	406537
15068	405867
15098	405112
15072	404550
15056	404093
15062	404483
15062	403370
15073	403279
15060	402223
15079	402043
15033	402504
15024	402497
15036	402273
15043	401741
15030	401904
14985	400994
15020	401163
15057	401193
15045	400822
14979	402200
14958	402446
14971	403152
14992	403059
15016	403338
15014	404296
14980	403659
14958	404217
14969	404743
14979	405567
14979	405673
14985	405886
14999	406925
15056	406968
15062	407572
15021	406349
15038	405407
15045	405145
15087	405003
15068	406067
15066	405362
15055	405702
15006	406099
14996	406203
14975	406455
14971	406538
14974	406591
14984	405700
15021	406191
15021	405573
