15189	360262
30283	713222
45362	1063569
60308	1415876
75333	1767791
90430	2117206
105447	2468040
120367	2821036
135366	3172528
150400	3523697
165362	3876137
180484	4225064
195389	4578824
210347	4931345
225284	5284784
240351	5634999
255296	5988228
270444	6336630
285293	6691640
297848	7104544
295711	7147747
294092	7198749
292759	7254125
291599	7307135
290649	7361295
290177	7415284
289830	7468245
289547	7520355
289597	7572550
291334	7585455
293587	7582409
295878	7585270
297956	7583665
300016	7584553
302141	7582337
304428	7582222
306550	7580671
308837	7584226
310905	7580668
310475	7522206
310384	7469169
310177	7412889
309485	7358773
308675	7302663
307472	7248233
306162	7196409
304560	7144736
302782	7088738
300730	7036521
300206	7023078
300309	7024950
300247	7025258
300269	7022827
300190	7019914
300115	7020915
300214	7020305
300173	7020144
300131	7019258
300122	7018453
299911	7015708
299912	7016478
300172	7017486
300080	7018257
300246	7017847
300145	7018853
300095	7018664
299863	7021635
300020	7021812
299950	7023064
300009	7022807
299783	7027858
297647	7079584
295873	7133736
294250	7189051
292865	7240358
291748	7296969
290876	7349373
290303	7400163
289853	7454117
