2531	59400
5007	119656
7551	178548
10047	238380
12565	297416
15035	357541
17560	416259
20072	475603
22599	534473
25107	593373
27632	651965
30148	710714
30197	709051
30187	706681
30207	706169
30175	704705
30135	704868
30064	703670
30089	702656
30086	700860
30039	701133
29999	700930
29991	700559
29868	702953
29905	703986
29952	704488
30000	704126
29951	706256
29961	705335
29973	704967
30035	705746
30089	707176
30185	704189
30193	703743
30193	704704
30076	702251
30099	701234
30068	701973
30085	702263
29974	700570
29978	700818
29969	700552
29943	700914
29911	700336
30024	702416
30055	702263
29985	702693
29915	704179
29949	705476
29931	705385
29998	704732
30022	703949
30032	704122
30010	705389
30027	704935
30032	705654
30041	706473
30111	706619
30123	704898
30060	703298
30065	702200
30025	702377
30057	703706
30059	704632
30060	704385
29996	703990
29996	704760
30019	703506
30018	702492
30052	702568
30095	702922
30127	702057
30103	703722
30065	703572
30087	702379
30050	702382
30009	703467
29962	703496
29903	703986
29899	705648
29950	706047
30007	705671
30066	705555
30097	707062
30055	706573
30056	706171
30135	706655
30150	706203
30083	706585
30038	707039
30019	706065
29974	705560
30011	705264
30069	705398
30136	705135
30106	704721
30114	703844
30108	703735
30076	705281
30044	706725
30037	704925
29985	704355
29988	704173
29972	703979
30022	703742
30051	704303
30134	704027
30170	702583
30167	703247
30135	704108
30109	702258
30047	700735
30059	701060
29850	704553
29335	718570
29012	729764
28923	738981
28836	748095
28849	758444
28937	769157
29026	778230
29192	785839
29493	793729
29757	802997
30073	812130
30284	817106
30143	811704
30046	809136
30063	809355
30057	809004
30030	808741
30000	807959
29959	807809
29986	807768
30018	810031
30016	809638
30011	809503
29971	810233
29969	811184
29949	812135
29963	812231
30013	811499
29976	812576
30041	811507
30037	811282
30062	811907
30051	811156
30041	812043
30042	812362
30006	812072
29989	811683
29994	810028
30006	810036
30051	810655
30021	809033
30081	810047
30099	809256
30119	808415
30083	809567
30066	808146
30031	808243
30020	807173
30004	806652
30029	807092
30016	806786
29979	807744
29956	808796
29960	809214
29970	810324
30007	811065
29989	809659
30031	809854
30005	809783
30065	809215
30065	809684
30290	804273
30565	796096
30762	786701
30927	776612
31042	767429
31067	758558
31070	749379
31057	739874
30962	731175
30761	721940
30576	713320
30211	704791
30054	701894
30004	701939
29987	701688
29978	702812
30017	702214
30013	701264
30032	701074
30048	702336
30028	703523
29978	704944
30061	705141
30005	705674
30024	705210
29999	705178
30032	704713
29987	704660
30003	706382
30070	706384
30099	707074
30110	706851
30072	706675
30016	705558
30079	705727
30018	705382
30036	705760
30064	704802
30112	705025
30113	704208
30109	702406
30143	702680
30151	701976
30097	702957
30073	701781
30015	702392
30023	703010
29992	702245
29969	702108
30013	702160
30015	702519
29991	703548
30027	704489
30041	705110
30048	706167
30017	705303
30060	705523
30046	704377
30063	704136
30014	705640
30014	705744
30009	707574
30032	707525
30037	706245
30018	706863
30043	706180
30009	706452
30016	706653
30087	706141
30116	706457
30157	706246
30200	702651
30198	702123
30142	700609
30169	699460
30159	700071
30118	698816
30064	699949
30003	699162
29936	699154
29952	699617
29934	699267
29929	699503
30023	701488
30052	701119
30040	701368
30083	702486
30094	701881
30119	702047
30061	701309
30085	700304
30055	699677
30020	700727
30025	700991
29979	702052
29972	702461
29978	703714
29976	703675
30036	702222
30019	703469
30051	703545
30046	703421
30095	704295
30140	703999
30093	703788
30074	704472
30020	704036
29993	704514
29983	703960
30028	703164
30122	703729
30090	702829
30118	702484
30051	703899
30058	704081
30132	703581
30136	702544
30115	701617
30033	702030
29965	701937
29962	701982
29981	702966
30027	703590
30048	703433
30126	702766
30059	701480
30027	701654
30053	703146
30052	704220
30103	703889
30088	702257
30014	702402
30005	702580
29962	702912
30013	702230
29991	703214
30046	704473
30049	704592
30122	702448
30115	701417
30098	700353
30078	701899
30119	702307
30089	701091
30040	701734
30020	700614
30056	701305
30003	700914
29963	701450
29940	701018
29993	703281
30036	703578
30055	704291
30014	703618
29992	704951
30056	704853
30060	703244
30121	703156
30116	703688
30125	702976
30100	702518
30080	703113
30126	700949
30131	701193
30112	700743
30035	701454
29944	701258
29961	701725
29990	702412
30010	703405
29996	702925
30023	703059
30015	703296
29999	702670
30066	704659
30085	704655
30082	705514
30074	704107
30055	703038
30089	702308
30038	703711
30045	702969
30049	703314
30064	703517
30045	703487
30032	704220
30049	703457
30030	704006
29989	703803
30050	703364
30058	703750
30141	703687
30070	702690
30092	703032
30105	702288
30135	701443
30133	700565
30070	700668
30083	700922
30013	701059
29970	700999
29996	701971
29958	702250
30001	703107
29975	703048
29999	702454
30006	703369
30116	702697
30147	702972
30092	702962
30118	702926
30099	701942
30031	702734
30017	702976
29998	702384
30035	701612
30035	700806
30062	701050
30033	700720
30048	703307
30024	704571
29970	704922
29966	705851
29993	706584
29969	705279
29930	705819
29915	707107
30007	707200
30039	708290
30110	708566
30176	707761
30208	705736
30164	705241
30109	705116
30062	705255
30047	705228
30047	706095
30059	704343
30032	702624
30087	702554
30053	701996
30053	702291
30101	702737
30131	704328
30101	704012
30050	703453
30028	702306
30025	701612
29965	701284
29998	701998
29656	711800
29413	721670
29197	731006
29097	738680
29018	748302
28985	756576
29029	764950
29098	774013
29267	783231
29518	791716
29766	799832
30073	808893
30073	807908
30058	807760
29972	808849
30019	809711
29993	809605
30031	808586
30018	809723
29976	809844
30005	809051
30040	809345
30013	810815
30007	811033
30090	809945
30083	809968
29991	809356
30021	809054
29983	809324
29995	811228
29969	810490
29950	809996
29997	810626
30046	810337
30002	809554
30019	808488
30097	809704
30129	808533
30076	808040
30136	807119
30107	806174
30093	804238
30014	805648
30013	804964
29959	806098
29962	806819
29904	807231
29930	807891
29961	807710
29998	808629
29955	808830
29963	811435
29999	811522
30073	812152
