10158	240856
20155	478211
30245	712658
40359	944924
50402	1178197
60263	1415310
70247	1650515
80284	1884601
90378	2116698
100391	2350584
110396	2584455
120307	2820493
130347	3053876
140294	3289486
150335	3522983
150055	3517013
149917	3514254
150007	3511832
150067	3514820
149989	3518958
149904	3515452
149890	3514321
149814	3517018
149999	3517776
149958	3520227
150021	3520783
150113	3515846
150133	3517242
148927	3544147
147707	3581403
146777	3614669
145982	3649854
145520	3687350
145091	3722407
144701	3756728
144772	3792187
144942	3828819
145205	3862203
145866	3897970
146529	3930658
147445	3965280
148565	4004935
149776	4039550
150257	4041268
151445	4004722
152628	3969763
153546	3933645
154286	3898522
154821	3862434
155055	3826618
155232	3793200
155203	3756835
154980	3721221
154738	3685156
154210	3650163
153438	3616291
152394	3579938
151199	3545182
149946	3516535
149885	3518294
149976	3519454
150174	3516802
150243	3515196
150237	3515633
150226	3512585
150196	3510336
150180	3509824
150074	3510934
150152	3512039
150200	3511206
150043	3512557
150141	3509637
150141	3508653
149997	3508743
149928	3505840
149858	3506274
150008	3508600
150010	3511016
150082	3508018
150108	3509595
150127	3510338
150092	3511469
150050	3509588
150093	3509110
150211	3508071
149981	3507993
150066	3510778
150069	3511202
149981	3510045
150026	3510625
149943	3511156
150063	3510185
150080	3507452
150107	3511344
150086	3511137
150182	3508506
150041	3509487
150083	3508967
150066	3510954
150072	3515043
149930	3513893
149983	3512510
149872	3515339
149976	3512506
149985	3513343
149929	3512249
149022	3538550
147935	3573941
146868	3607859
146044	3643647
145542	3682338
145079	3716072
144926	3752283
144862	3787579
144926	3821633
145317	3853406
145920	3888993
146458	3922685
147432	3959898
