5068	121150
10115	239559
15109	358521
20124	476853
25168	594385
30210	711605
35305	827076
40330	943836
45295	1062009
50386	1177156
55357	1294869
60261	1414247
60132	1410319
60059	1410166
60020	1408010
59973	1406869
60070	1403771
60029	1404316
60112	1405767
60138	1406091
60094	1404819
60174	1406904
60175	1405475
59964	1405835
59933	1406511
59933	1403974
59895	1405324
59878	1405628
60009	1408518
60029	1407075
60058	1407217
60040	1407966
60042	1408708
60070	1408405
60172	1408383
60118	1404504
60023	1405101
60095	1406061
59987	1406379
59904	1407805
59935	1406867
59979	1407821
59996	1408277
60002	1407092
59898	1408974
59925	1409367
60037	1409293
60128	1410278
60119	1408367
60067	1411502
60058	1409999
59997	1408526
60073	1408322
60173	1406017
60112	1406614
60165	1406571
59914	1407466
58950	1432385
58524	1450981
58153	1470119
57981	1488645
57844	1502050
57854	1520342
57996	1537340
58298	1555702
58732	1575796
59159	1592588
59731	1611377
60244	1626461
59939	1620567
59984	1620003
59947	1618929
59937	1618907
59981	1621340
59953	1621470
60002	1621771
60043	1622005
60098	1620689
60144	1619749
60126	1619433
60113	1618766
60067	1616834
60061	1617837
60029	1618477
60001	1618892
60012	1617049
59996	1615946
60162	1611266
60734	1593904
61266	1576957
61700	1559788
62005	1540877
62186	1522396
62226	1505537
62121	1487694
61897	1469090
61572	1449673
61094	1434216
60487	1417762
59921	1405864
59917	1405387
59872	1407182
59924	1407131
59962	1408550
60024	1409094
60001	1409257
60043	1408381
60114	1407415
60203	1407911
60158	1406998
60120	1406667
60067	1406093
60103	1405690
59998	1405183
59988	1406477
59995	1405644
60001	1405706
59898	1406689
59887	1408556
59937	1410052
59985	1411064
60017	1410562
60069	1409185
60172	1406395
60250	1406117
60237	1404492
60174	1404052
60176	1404729
60187	1404744
60148	1401954
60063	1400606
60042	1399468
60015	1398110
59933	1399235
59904	1400795
59955	1404093
60022	1404037
60034	1404800
60020	1403728
60002	1403258
59921	1405193
59945	1407161
60034	1405360
60114	1405155
60082	1407789
60129	1405045
60082	1405022
60008	1404836
60056	1405575
60099	1404168
60111	1404805
60088	1405569
60031	1403163
59968	1402518
60037	1404444
60045	1406166
59979	1404303
60147	1403617
60079	1403946
60046	1402686
60050	1402464
60057	1404417
60029	1404861
59994	1404138
59993	1405554
60034	1404512
60053	1403598
60029	1402446
60036	1402204
60187	1403522
60042	1404886
60066	1405244
60097	1405257
60040	1405157
60008	1404494
59988	1404768
59970	1403395
59964	1405244
60008	1405844
60043	1405980
60031	1407073
60094	1408554
60051	1405423
60093	1404985
60114	1405223
60154	1402981
60127	1403581
60058	1404325
60081	1404667
60015	1404271
60039	1403900
60115	1402215
60008	1402672
59952	1402815
59995	1403474
60041	1403228
60046	1403139
60060	1406201
59991	1407004
59937	1406877
59872	1409042
59885	1408057
59965	1408052
60088	1409478
60011	1409457
59966	1410512
60067	1409409
60185	1408819
60222	1409161
60186	1407964
60127	1407087
60116	1406064
59744	1410703
59092	1429660
58659	1447332
58349	1464823
58009	1482742
57883	1497501
57942	1516357
58085	1536421
58292	1554675
58642	1572028
59068	1589537
59630	1607337
60058	1617421
59983	1617750
60002	1618502
60013	1619833
59947	1618991
59990	1620561
60068	1619217
60077	1617189
60091	1615189
60081	1615441
60066	1615394
60032	1616417
60065	1617225
60013	1616189
59940	1617906
