7636	180609
15139	359048
22687	535941
30240	712051
37846	885935
45319	1062570
52884	1236775
60272	1414797
67819	1589898
75294	1767008
82915	1940375
90397	2116467
97926	2291541
105422	2467276
105252	2461851
105042	2461351
104998	2459988
104952	2459943
105008	2462704
105037	2460554
105100	2462383
104963	2460871
105044	2460518
105045	2457662
105121	2460612
105045	2461841
105025	2464226
105061	2463638
105112	2464174
104954	2464162
104997	2464127
105033	2462822
104975	2462654
105017	2465096
105064	2464246
105141	2461041
105171	2462530
105108	2467166
103816	2500175
102912	2526546
102285	2550072
101836	2577466
101571	2603418
101346	2627781
101334	2655207
101510	2683344
101742	2710601
102180	2735266
102781	2762695
103542	2792834
104382	2819083
105309	2841085
105075	2833908
105046	2831928
105141	2832086
105066	2833570
105095	2834540
105162	2833241
105630	2819087
106492	2791618
107212	2762641
107880	2735664
108283	2709589
108552	2681470
108737	2653895
108739	2630333
108588	2604761
108272	2580140
107903	2554161
107202	2526241
106394	2499655
105568	2472754
105048	2459367
105042	2460267
105093	2461326
105133	2463076
105097	2462894
105155	2462864
105098	2466284
105021	2465167
104989	2464905
105008	2462099
105143	2460315
105183	2458405
105119	2458840
105201	2460128
105263	2459325
105277	2457674
105291	2456585
105190	2457321
105125	2457479
105155	2457123
105031	2453775
104890	2454842
104853	2453871
104947	2453382
105015	2456045
105079	2457323
104994	2457389
105052	2456348
105083	2457421
105127	2458538
105116	2460438
105076	2458687
105123	2455831
105117	2456897
105137	2457212
105062	2455407
105024	2456165
105060	2458667
105094	2456787
105124	2456430
105099	2454726
105074	2457479
105066	2457635
105057	2457304
104983	2456469
105012	2455904
105079	2458197
105050	2457980
105033	2458881
105058	2458938
105067	2457578
105116	2454904
105111	2457462
105118	2458335
105146	2459127
105186	2455285
105124	2456121
105098	2456825
105150	2454983
105071	2457942
104957	2459919
104890	2461095
104882	2460216
104956	2458962
104918	2462050
105067	2463488
105077	2461473
105083	2460989
105102	2460696
104937	2469656
103923	2495068
103128	2520343
102516	2550124
102042	2572649
101600	2597812
101365	2623731
101386	2650290
101605	2677577
101779	2702507
102187	2730854
102782	2758688
103528	2784426
104414	2809644
105118	2829024
105098	2829544
105120	2830217
104985	2830364
