3045	72083
6047	144090
9064	215261
12077	286362
15062	358037
18081	428802
21125	499242
24136	569934
27152	640599
30170	711160
33239	780303
36275	850024
39289	920210
42272	990936
45264	1061629
45255	1058908
45233	1056572
45198	1055795
45196	1054485
45007	1056124
44984	1055823
44980	1055694
44944	1055570
44918	1055500
44915	1055372
44980	1056333
45118	1054622
45134	1054596
45091	1054797
45075	1054456
45153	1054487
45177	1055538
45170	1055581
45181	1056348
45062	1053010
45038	1052919
45047	1052443
45064	1051176
44969	1052438
44875	1054125
44875	1054563
44982	1056777
44992	1056990
45011	1055580
44978	1056361
45017	1057690
45010	1057568
45044	1056999
45063	1056371
45087	1056712
45096	1056476
45103	1057838
45183	1058455
45112	1057283
45026	1056058
45016	1056140
45047	1055812
45065	1055340
45130	1055542
45131	1053539
45058	1054350
45044	1054134
45079	1054289
45066	1055435
45029	1056300
45023	1057124
44928	1057877
45013	1057278
45028	1056047
44984	1056192
44945	1056715
44993	1056790
45018	1057491
45054	1058289
45070	1060988
45039	1059921
45060	1059952
45164	1058911
45170	1057886
45133	1057215
45140	1056136
45050	1054677
45020	1057489
45068	1058505
45053	1058092
45025	1057455
45104	1056672
45090	1056768
45123	1055923
45125	1052761
45072	1053352
45050	1053492
45107	1054775
45157	1054050
44956	1058154
44351	1075154
43999	1086860
43685	1095791
43492	1106682
43342	1117840
43275	1128930
43397	1139224
43484	1148410
43611	1159836
43827	1172734
44039	1182097
44286	1193011
44630	1203253
45044	1214833
45300	1221058
45108	1215135
45063	1213682
45033	1214245
45017	1213866
44948	1213777
44902	1213655
44949	1215609
45009	1216334
44975	1217359
45002	1215675
45027	1216261
45018	1215805
45031	1216645
45008	1217586
45009	1218090
45039	1217993
45073	1217971
45052	1217719
45090	1217018
45101	1215579
45111	1214152
45085	1213864
45109	1213895
45036	1213481
45103	1213760
45121	1213029
45131	1212559
45076	1212829
44992	1212894
44961	1212595
44934	1213434
44937	1213724
44957	1212304
44966	1213232
45031	1212813
45045	1213842
45369	1204451
45706	1194492
45969	1182826
46247	1172769
46456	1162863
46609	1152682
46702	1140317
46690	1128582
46675	1116886
46524	1105862
46321	1095798
46125	1086371
45805	1076031
45536	1065635
45128	1054190
45083	1052059
45004	1052740
44959	1054079
44971	1054331
44930	1055389
44923	1055629
44993	1056431
45018	1056341
45019	1058683
45061	1057519
45031	1057244
44999	1057856
44977	1057438
45048	1057907
45076	1058949
45125	1059775
45134	1058068
45126	1056605
45159	1056018
45133	1054544
45119	1054189
45133	1054456
45121	1055251
45055	1054111
45089	1055012
45089	1054243
45057	1053238
45001	1054015
45005	1054535
44954	1054965
44976	1054241
44984	1055464
45002	1055945
45049	1056111
45013	1058040
45012	1058474
45036	1058587
45000	1058574
44999	1058618
45031	1058363
45052	1059357
45063	1060068
45104	1057750
45096	1058085
45187	1054810
45222	1055221
45230	1054101
45252	1053367
45286	1053147
45163	1052563
45127	1052359
45116	1051918
45056	1051699
45043	1050952
45047	1050591
45016	1049523
44949	1049151
45008	1049851
44972	1049023
45048	1051742
45073	1050950
45041	1052208
45089	1052165
45050	1054049
44983	1053500
44955	1053809
44991	1053398
44963	1053122
45008	1052960
45018	1053374
45034	1053747
45043	1053160
45021	1055092
45022	1056016
44972	1056745
45048	1057308
45074	1055581
45153	1055315
45122	1053513
45046	1054434
45055	1053354
45123	1053141
45110	1053196
45086	1054695
45065	1055247
45080	1055189
45124	1055342
45061	1054355
45081	1052518
45024	1051667
45008	1052428
45022	1053697
45091	1054109
45115	1054467
45047	1053164
45040	1054313
45077	1055336
45067	1055473
45041	1054420
45008	1054216
45094	1052523
45110	1052411
45063	1052677
45122	1053771
45114	1053573
45088	1053286
45089	1052458
45094	1053279
45068	1053951
45046	1053984
45021	1053342
44985	1053663
44958	1053702
44939	1054539
44945	1053826
45053	1054760
45105	1054554
45090	1053917
45103	1054001
45094	1054223
45135	1052973
45208	1052412
45128	1053577
45053	1054048
45035	1054170
45033	1054168
45032	1053268
45014	1052802
44961	1052491
44974	1052716
44983	1053967
45019	1054297
45011	1054585
45041	1054278
45050	1053550
45071	1055651
45126	1056954
45083	1055237
45036	1054475
45021	1054577
45037	1054503
45024	1055864
45098	1054702
45059	1054877
45112	1054215
45084	1053993
45094	1054264
45131	1052874
45176	1052310
45168	1053402
45116	1052557
45039	1053717
45058	1053733
45036	1053551
45009	1053426
45006	1053479
44986	1051857
45064	1052445
45046	1051262
45055	1052746
45035	1052603
44993	1053297
45028	1055051
45097	1055578
45122	1054097
45134	1053587
45067	1052238
45054	1052891
44981	1054172
44954	1054375
44888	1056123
44942	1056605
44984	1057232
44958	1059696
44986	1058515
44973	1059412
45021	1057562
45062	1055990
45074	1056876
45091	1058848
45118	1059680
45111	1060764
45174	1059380
45155	1057650
45193	1056358
45132	1054635
45145	1054910
45131	1055528
45043	1053703
45036	1054743
45018	1053331
45070	1054420
45140	1054884
44751	1063427
44323	1073497
43992	1083982
43730	1092804
43577	1104657
43509	1114682
43460	1127023
43467	1137779
43564	1147320
43665	1157113
43836	1167390
44012	1177973
44252	1190402
44569	1201123
44987	1211517
45018	1213841
44985	1213836
44990	1213148
45013	1213884
44984	1214132
45080	1213486
45025	1213148
44993	1213853
45040	1214721
45032	1215651
45028	1216710
45022	1216435
44997	1214735
44979	1215132
45062	1214891
45052	1213779
45099	1211438
45100	1212222
45117	1211367
45134	1209385
45131	1212300
45117	1211581
45036	1211894
45026	1212381
44996	1211672
44966	1210639
44950	1210310
44923	1211531
44842	1212482
44925	1212380
